CLT	DSS	LbGP	MeanDecreaseAccuracy	MeanDecreaseGini
OTU000051	0.0276551587301587	0.00725396825396825	0.0105952380952381	0.0144789642289255	0.512598321211883
OTU000033	0.0105845238095238	0.0199214285714286	0.00339047619047619	0.0109578747619769	0.42425268167156
OTU000131	0.0197166666666667	0.00484761904761905	0.0094	0.0105564183365654	0.420827321475588
OTU000021	0.0066702380952381	0.0148011904761905	0.00785	0.00993045769589887	0.37855748510338
OTU000036	0.00588849206349206	0.0160666666666667	0.00911666666666667	0.00975999494141909	0.353332444184858
OTU000063	0.00553452380952381	0.0154489898989899	0.00673333333333333	0.00941048852248543	0.359555077559706
OTU000006	0.00773531746031746	0.0164321428571429	0.00337619047619048	0.00910158420011361	0.393341058738473
OTU000068	0.00795476190476191	0.0153214285714286	0.00317380952380952	0.00897060632865587	0.36743646829399
OTU000039	0.00486904761904762	0.0129833333333333	0.00639285714285714	0.00836993006993007	0.335498526275262
OTU000119	0.0164186507936508	0.00151904761904762	0.00751666666666667	0.00836940432718297	0.375802360707952
OTU000044	0.00526904761904762	0.0125011904761905	0.00696666666666667	0.00823401206636501	0.358447997411485
OTU000142	0.0128440476190476	0.00367900432900433	0.00973333333333334	0.0081617756985017	0.316683771761875
OTU000012	0.0102186507936508	0.00940119047619048	0.00281904761904762	0.00786286752463223	0.362783031382976
OTU000043	0.0070734126984127	0.00911825396825397	0.00448571428571428	0.00692770958401764	0.3539236486568
OTU000003	0.00998809523809524	0.00761428571428571	0.000666666666666667	0.00683717140702435	0.298261569055703
OTU000045	0.0123654761904762	0.00429285714285714	0.00371904761904762	0.00680384501119795	0.275573024996122
OTU000042	0.00295357142857143	0.0105119047619048	0.00713333333333333	0.00678279196293902	0.336514718620746
OTU000022	0.0114416666666667	0.00290238095238095	0.00290238095238095	0.00586691568235686	0.307738199898685
OTU000189	0.00283095238095238	0.00995515873015873	0.00390238095238095	0.00557282223280675	0.258774458075525
OTU000356	0.00210079365079365	0.00388333333333333	0.0148428571428571	0.00554253475282887	0.236399622953279
OTU000019	0.00608214285714286	0.006725	4e-04	0.00482666134604989	0.206453278572285
OTU000020	0.00346507936507937	0.00617976190476191	0.00472857142857143	0.00476987762839156	0.210078379180843
OTU000004	0.004975	0.00842380952380952	-0.000407142857142857	0.00474961851873617	0.180240943298208
OTU000054	0.00155	0.00764761904761905	0.00268333333333333	0.0040818475642005	0.171348357929643
OTU000098	0.00758452380952381	0.00165634920634921	0.0037	0.00406175319778261	0.216958848470338
OTU000073	0.00658452380952381	0.00284603174603175	0.00263333333333333	0.00393955162055007	0.196285554518191
OTU000232	0.00621825396825397	0.00322261904761905	0.00103333333333333	0.00375962584886734	0.210359859104321
OTU000011	0.00618095238095238	0.00176666666666667	0.00393333333333333	0.00375906141931684	0.238063478441608
OTU000222	0.00636666666666667	0.00447936507936508	0.000383333333333333	0.00368039036127271	0.186933158527552
OTU000216	0.0058	0.00267857142857143	0.000975	0.00356133825325002	0.159159926448419
OTU000210	-2.61904761904762e-05	0.00591547619047619	0.00398333333333333	0.00354511346496641	0.177404827726702
OTU000058	0.00531904761904762	0.00329047619047619	0.0013	0.0035159965034965	0.185416960897727
OTU000040	0.0050797619047619	-0.000577380952380952	0.00928333333333333	0.00350089640751405	0.207219194701429
OTU000188	0.00592619047619048	0.00336428571428571	0.00139047619047619	0.00345951393377864	0.154480113111215
OTU000170	0.00217857142857143	0.00615238095238095	0.00188333333333333	0.00333260611937083	0.162383993673435
OTU000376	0.005375	0.00195238095238095	0.003	0.00324484298381357	0.187218184417327
OTU000374	0.00629880952380952	0.000625	0.00341666666666667	0.00318463021756365	0.180744774190324
OTU000014	0.00242619047619048	0.00516237373737374	0.00188333333333333	0.00316468253968254	0.145880096133985
OTU000149	0.000348809523809524	0.00564372294372294	0.00455238095238095	0.00311616031027796	0.134293282852339
OTU000083	5e-04	0.00133849206349206	0.0111333333333333	0.00308425985778927	0.188205138684903
OTU000145	0.00161785714285714	0.00587857142857143	0.000654761904761905	0.002996597167882	0.191444647879949
OTU000132	0.00118333333333333	0.00440595238095238	0.00283333333333333	0.00299295259264299	0.181961244183248
OTU000023	0.00381428571428571	0.00272142857142857	0.00148333333333333	0.00291892911010558	0.163234216643923
OTU000057	0.00143690476190476	0.00477380952380952	0.00283333333333333	0.00277930917122094	0.129227866475422
OTU000196	0.00254960317460317	0.0038702380952381	0.00261904761904762	0.00277646279159437	0.0991967417798546
OTU000059	0.000402380952380952	0.00241190476190476	0.0077	0.00265543035395977	0.205980217131613
OTU000130	0.00160833333333333	0.00410357142857143	0.0017	0.00264625080801551	0.100863154090549
OTU000242	0.00302142857142857	0.00384047619047619	-6.66666666666667e-05	0.00258954248366013	0.0998398772730656
OTU000026	0.00535039682539683	-0.000478571428571429	0.0025	0.00245870657120657	0.14058762753021
OTU000097	0.000775	0.00238333333333333	0.00448333333333333	0.00241070800114918	0.140325755195145
OTU000483	-0.000517857142857143	0.00516071428571428	0.0037	0.00238543123543124	0.107064660082667
OTU000179	0.00157261904761905	0.00370714285714286	0.0011	0.00235518925518926	0.133857751280641
OTU000041	0.000471428571428571	0.00296666666666667	0.00475	0.00233592559401383	0.111313196967453
OTU000181	-8.45238095238095e-05	0.00571547619047619	0.00285	0.0023335057099763	0.148894670042825
OTU000247	0.00356904761904762	0.00230119047619048	0.00107380952380952	0.00228436130862601	0.123440109843268
OTU000115	0.00199285714285714	0.00300119047619048	0.0017	0.00225303830156771	0.120907185486774
OTU000203	0.000502380952380952	0.00415238095238095	0.00236666666666667	0.0022041718902013	0.112920884950041
OTU000177	0.00466666666666667	0.000601190476190476	0.00133333333333333	0.00217220695970696	0.15482322111754
OTU000091	0.00370952380952381	-0.000333333333333333	0.00493333333333333	0.00206071428571429	0.140451638131976
OTU000034	0.00219285714285714	0.0046797619047619	-0.00245	0.00203839420383538	0.135080947847265
OTU000030	0.00282857142857143	0.000116666666666667	0.00336904761904762	0.00193335177894001	0.110879290212711
OTU000081	0.00410714285714286	0.000479365079365079	0.00170714285714286	0.00182040777849601	0.0957373040263954
OTU000140	0.00180833333333333	0.00217539682539683	0.00158333333333333	0.00178953905571553	0.113142780857487
OTU000138	0.0032797619047619	0.00115833333333333	-2.38095238095238e-05	0.00178541980894922	0.114398121054175
OTU000052	0.00278333333333333	0.00133452380952381	0.00273333333333333	0.00176416736857913	0.096921950314117
OTU000238	0.00257222222222222	4.16666666666667e-05	0.00378333333333333	0.00172809739280328	0.174695910796096
OTU000062	0.00231904761904762	0.00166071428571429	0.00125	0.00172435897435897	0.130910085030082
OTU000343	0.002875	0.0027968253968254	-0.000616666666666667	0.00172425393234217	0.08075392405934
OTU000129	0.00166666666666667	0.00247579365079365	0.00141666666666667	0.00171277023629965	0.0692968195346927
OTU000025	0.00177142857142857	0.00117619047619048	0.00185	0.00169701213818861	0.0418059510265712
OTU000118	0.00194285714285714	0.00197857142857143	0.00145	0.00168938177835237	0.0834155515238274
OTU000109	0.002575	0.0012	0.000583333333333333	0.00167649752208576	0.15862148780698
OTU000055	0.000569047619047619	0.00321785714285714	0.00121666666666667	0.00166346153846154	0.10377837259232
OTU000357	1.07142857142857e-05	0.00347738095238095	0.00145	0.00159257164404223	0.117837338815554
OTU000079	0.00215555555555556	0.00186785714285714	0.00045	0.00154124111182935	0.069571872727034
OTU000029	0.0011484126984127	0.00105238095238095	0.00285	0.00151781135531135	0.0923433281939938
OTU000160	0.00150396825396825	0.00323333333333333	-0.00075952380952381	0.0015046398046398	0.14106265009463
OTU000015	8e-04	0.00271904761904762	0.00125	0.00143522139625081	0.0663202416577408
OTU000373	0.000235714285714286	0.00245	0.002	0.00141512515262515	0.0454246753246753
OTU000133	0.00119285714285714	0.00188333333333333	0.00133333333333333	0.0013661911617794	0.0791528968033364
OTU000013	0.00155119047619048	0.000842857142857143	0.00128333333333333	0.00135815018315018	0.0592072484857223
OTU000208	0.000912698412698413	0.00163095238095238	0.0035	0.00131111829347123	0.124292785644688
OTU000110	0.00128690476190476	0.00308571428571429	-0.00133333333333333	0.00128380647130647	0.0707958414686417
OTU000268	0.00225119047619048	0.00221666666666667	-0.000833333333333333	0.00125866910866911	0.0790609126366687
OTU000049	0.00155	0.00117380952380952	0.000666666666666667	0.00115021645021645	0.0533745228827314
OTU000214	-7.14285714285717e-06	0.00153333333333333	0.0019	0.00114060547295841	0.0823646663587531
OTU000092	0.0012047619047619	0.0018984126984127	-0.000616666666666667	0.00106309523809524	0.0761119062777159
OTU000175	0.00101785714285714	-0.000109523809523809	0.00259285714285714	0.00103339062897886	0.0833716616598483
OTU000007	0.00136666666666667	0.000995238095238095	0.00025	0.00102394688644689	0.0365505772005772
OTU000082	0.000933333333333333	0.00154285714285714	0.000133333333333333	0.00102010073260073	0.110672804955098
OTU000046	0.00238333333333333	0.00095	9.28571428571429e-05	0.00100342059900883	0.053365990973676
OTU000360	0.000452380952380952	0.00233333333333333	5e-04	0.000975039666216137	0.0504986921942511
OTU000346	0.00025	0.00167619047619048	7e-04	0.000949217449217449	0.0365794266191325
OTU000269	0	0.00243333333333333	0.000625	0.000907081807081807	0.0450036124220607
OTU000648	0.000816666666666667	0.000833333333333333	0.00125	0.000897063312504489	0.0577819195694973
OTU000581	0.00136190476190476	0	0.00186666666666667	0.000888522588522589	0.0505726129426129
OTU000085	0.00045	0.000908333333333333	0.00195	0.000879004329004329	0.0559639452165768
OTU000209	0.00265	0.00095	-0.00126666666666667	0.000871628371628372	0.0565642240084439
OTU000296	-0.00023015873015873	0.00171190476190476	0.00166666666666667	0.000864831002331002	0.0509924525248379
OTU000159	0	0.000908333333333333	0.00143333333333333	0.000861236802413273	0.0308864992637371
OTU000331	0.0022	0	-1e-04	0.000854426129426129	0.0828452451745021
OTU000204	0.000241666666666667	0.0016952380952381	7e-04	0.000848866819455055	0.0550096161716697
OTU000108	0.00030952380952381	0.00161904761904762	0.000533333333333333	0.000838480392156863	0.0564104154382346
OTU000150	0.000742857142857143	0.00143333333333333	0.000333333333333333	0.000838095238095238	0.0370271699942719
OTU000322	0.000696428571428571	0.00191666666666667	-0.000166666666666667	0.000816239316239316	0.0265333333333333
OTU000048	0.00232777777777778	0.000787301587301587	-0.000433333333333333	0.000813570639886429	0.0853543706809444
OTU000416	0.000878571428571429	0.00025	0.0015	0.000806818181818182	0.0279762128675922
OTU000037	0.00174285714285714	0.00124761904761905	0.00099047619047619	0.00080273199023199	0.0857865155448877
OTU000157	-0.000142857142857143	0.00142857142857143	0.00108333333333333	0.000793589743589744	0.0362088610240334
OTU000519	2e-04	0.00095	0.00128333333333333	0.000782417582417582	0.0350657901404469
OTU000350	-7.5e-05	0.00275238095238095	-5e-04	0.000778517316017316	0.0295254404092639
OTU000241	0	0.000928571428571429	0.000866666666666667	0.000766666666666667	0.044595153271072
OTU000219	0.000733333333333333	0.00133333333333333	0	0.000765700965700966	0.0238518398268398
OTU000072	0.00109722222222222	0.000978571428571429	0	0.000763888888888889	0.0635997804047804
OTU000225	0.00140833333333333	0	5e-04	0.000735536522301228	0.0572208455119526
OTU000050	0.000842857142857143	0.000142857142857143	0.00195	0.00071978021978022	0.0723546525530675
OTU000401	0	0.000666666666666667	0.00126190476190476	0.000713644688644689	0.0363117302052786
OTU000552	-2e-04	0.00120833333333333	0.00148333333333333	0.000705128205128205	0.0377396534171073
OTU000362	0.000527777777777778	0.000357936507936508	0.00185	0.000680494505494506	0.0756393340651417
OTU000326	0.000333333333333333	0.001825	-0.000773809523809524	0.000660275263951734	0.057753964594182
OTU000114	0.00114285714285714	0.000533333333333333	-0.000266666666666667	0.000651314371902607	0.0486408681377102
OTU000307	0.000125	0.000333333333333333	0.00168333333333333	0.000643290043290043	0.0261933621933622
OTU000120	0.000461904761904762	0.00127777777777778	0.000535714285714286	0.000642800865285385	0.0694236121409139
OTU000192	0.000525	0.000782142857142857	0.000366666666666667	0.000613074425574426	0.0759619110156549
OTU000010	-0.00080952380952381	0.000930555555555555	0.00231666666666667	0.000597464626876391	0.0804647961953677
OTU000318	0.000592857142857143	-0.000125	0.00175	0.000592006033182504	0.0705554388036584
OTU000205	0.00125952380952381	0.00025	5e-04	0.000583365653953889	0.0308176035952352
OTU000308	0.00150238095238095	0.000183333333333333	-0.000166666666666667	0.000579091251885369	0.0427893405142952
OTU000005	0.000800396825396825	0.0011	0.000216666666666667	0.000575134952766532	0.0781744678128889
OTU000548	0.000333333333333333	0.00126666666666667	0	0.000562179487179487	0.0307616926932716
OTU000292	0.000583333333333333	0.000666666666666667	0.00025	0.000547794117647059	0.0213790229885058
OTU000075	0.00108928571428571	0	0.000966666666666667	0.000546917543241073	0.044482016315298
OTU000313	0.000333333333333333	0.00108333333333333	0.000416666666666667	0.000542735042735043	0.0259316473000683
OTU000095	0	0.000866666666666667	0.001	0.00053228021978022	0.0417177497665733
OTU000610	0.00055	5e-04	-0.000214285714285714	0.00052943722943723	0.0394224588194078
OTU000053	0.00039047619047619	0.000255555555555556	0.000966666666666667	0.00052937675070028	0.0445473465682391
OTU000093	0.000222222222222222	0.00108333333333333	0.00025	0.000511484593837535	0.0415005887878259
OTU000257	0.000166666666666667	4e-04	0.00108333333333333	0.000508855850032321	0.0284911000763942
OTU000309	0.000125	0.000347222222222222	0.00141666666666667	0.000504166666666667	0.0582707038831513
OTU000295	0.000833333333333333	0.000166666666666667	0.0015	0.000501575630252101	0.023245072826995
OTU000178	0.000625	0.000642857142857143	2e-04	0.000492857142857143	0.0181752407980736
OTU000404	0	0.000602380952380952	0.000916666666666667	0.000473892773892774	0.0268485955615266
OTU000127	-5e-04	0.00185	-8.33333333333333e-05	0.000472115384615385	0.0502696381803536
OTU000424	-4.16666666666667e-05	0.0012	0.001	0.000460568842921784	0.0302175276477908
OTU000147	0.000416666666666667	0.000458333333333333	0.000833333333333333	0.000459203296703297	0.0219970885323826
OTU000173	0	0.00101190476190476	0	0.000457575757575758	0.0254261704987105
OTU000372	0.000333333333333333	0.000702380952380952	5e-04	0.000455648926237162	0.0249063132945486
OTU000408	-2.38095238095238e-05	0.000166666666666667	0.0013	0.000455252100840336	0.0262174603174603
OTU000076	0.00055952380952381	0.000787301587301587	-0.000666666666666667	0.000453907203907204	0.0677943493846307
OTU000154	0.000142857142857143	-0.000142857142857143	0.00198333333333333	0.000437217194570136	0.0611770437393778
OTU000277	0.000166666666666667	0	0.00125	0.000437179487179487	0.0176611456176674
OTU000413	0	0.000926190476190476	2e-04	0.000436446886446886	0.0288849317349317
OTU000723	0.000833333333333333	0	0.000916666666666667	0.000420833333333333	0.0330612939810696
OTU000248	0	0.000583333333333333	0.00166666666666667	0.000419184981684982	0.0605913270939587
OTU000031	0.000291666666666667	0.000666666666666667	1e-04	0.000408012820512821	0.0572532981996217
OTU000938	0.000678571428571429	0.000142857142857143	0	0.000397435897435897	0.00973494623655914
OTU000153	0.000721428571428571	0	0.000366666666666667	0.000395434428832262	0.0531885516530253
OTU000107	0	0.000912698412698413	0	0.000390505675954592	0.0444731211996954
OTU000161	0.000583333333333333	2e-04	0.00025	0.00038859649122807	0.0129018648018648
OTU000414	-0.000476190476190476	0.00123333333333333	7e-04	0.000388333888333888	0.0434903124653125
OTU000394	0	0.000375	0.00113333333333333	0.000384973604826546	0.0291407435701553
OTU000407	0.000644444444444444	0.000553571428571429	-0.000366666666666667	0.000378289473684211	0.0398146056588434
OTU000207	0.000416666666666667	0.000333333333333333	0.00025	0.000373626373626374	0.0319989554305344
OTU000212	0.000566666666666667	0	0.000416666666666667	0.00037202380952381	0.0136667378917379
OTU000474	0.00055952380952381	0.000416666666666667	0	0.00037051282051282	0.0384345368784588
OTU000283	-2e-04	0.000583333333333333	0.002	0.000368589743589744	0.0312324322330813
OTU000449	0.00025	0.00116666666666667	-0.000616666666666667	0.000365905336493572	0.0434535555918683
OTU000340	0	0.000738095238095238	0	0.000357142857142857	0.0262266756870205
OTU000406	-0.000142857142857143	0.000535714285714286	0.000916666666666667	0.00034478021978022	0.0246508925662151
OTU000104	0.000339285714285714	0.000166666666666667	0.00115	0.000337240537240537	0.0464457981835098
OTU000321	0.00108333333333333	0	0.000116666666666667	0.000333333333333333	0.0515815950546365
OTU000673	0.00025	0	0.000735714285714286	0.00032790346907994	0.0151082600732601
OTU000502	0	0.000533333333333333	4e-04	0.0003125	0.0199768065998329
OTU000623	0	0.000625	2e-04	0.00030952380952381	0.0122333333333333
OTU000298	2e-04	0.000366666666666667	0.00095	0.000308928571428571	0.00856884057971014
OTU000078	0	3.33333333333334e-05	0.00125	0.000306959706959707	0.0365580345745336
OTU000156	0.00045	0.000866666666666667	-0.000125	0.000305263157894737	0.0386807992007992
OTU000018	2e-04	0	0.000833333333333333	0.000302197802197802	0.0326617475052608
OTU000197	-0.000523809523809524	0.000858333333333333	0.00025	0.000292857142857143	0.0285222070521572
OTU000570	0.000333333333333333	0	0.000666666666666667	0.000291208791208791	0.0202880672268908
OTU000635	0.000285714285714286	0.000166666666666667	0.00025	0.000285714285714286	0.0160138888888889
OTU000477	2e-04	0	0.00095	0.000284722222222222	0.0283355670146847
OTU000111	0.000533333333333333	0.000533333333333333	-0.000283333333333333	0.000280637254901961	0.0339950434443717
OTU000366	5e-04	-0.000125	0.00025	0.000276255117431588	0.0395359697062483
OTU000402	0.000285714285714286	0	0.000583333333333333	0.000273109243697479	0.00834389140271493
OTU000174	0.000582142857142857	0.00025	-0.00025	0.000267614738202973	0.0378272513279634
OTU000289	0.000267857142857143	4e-04	0	0.000266666666666667	0.0128556489262372
OTU000434	5e-05	5e-04	4e-04	0.000266666666666667	0.0186743654565679
OTU000516	0.000266666666666667	0.000333333333333333	0.00055	0.000264423076923077	0.0186149683649684
OTU000395	0.00025	0	0.001	0.000261236802413273	0.0315822438715022
OTU000380	0.000485714285714286	0	0.001	0.000258928571428571	0.0320142778673439
OTU000717	0	0.000595238095238095	0	0.000258823529411765	0.00550865800865801
OTU000164	0	0.000166666666666667	0.00108333333333333	0.000258823529411765	0.0224900373482726
OTU000047	4e-04	0	5e-04	0.000257575757575758	0.0153510797631487
OTU000071	-0.000676190476190476	0.000125	0.00135	0.000253758169934641	0.0423009387256527
OTU000323	0.00025	0	0.000583333333333333	0.000246813725490196	0.0214570972886762
OTU000707	0.000833333333333333	-2e-04	0.000533333333333333	0.00024453781512605	0.0188366898587392
OTU000061	0.000111111111111111	0.000285714285714286	0.00025	0.000241228070175439	0.0168764689501532
OTU000301	0.000467857142857143	0	0.001	0.000240277777777778	0.0129994152046784
OTU000495	-0.000125	0.001	0	0.000237879767291532	0.02461328320802
OTU000123	0.000333333333333333	0	0.00125	0.00023756105006105	0.00888084795321637
OTU000069	0.000142857142857143	0.000516666666666666	-2.38095238095238e-05	0.000234896231219761	0.0417385404450622
OTU000445	2e-04	0.000142857142857143	5e-04	0.000231684981684982	0.0167372779519331
OTU000678	5e-04	0	0	0.000230769230769231	0.0030047619047619
OTU000787	0	3e-04	0.000533333333333333	0.000230769230769231	0.00377708978328173
OTU000677	-1.78571428571428e-05	0.000727777777777778	-0.00025	0.000227623357035122	0.0368457633171426
OTU000349	0.000366666666666667	0	0.00025	0.000226190476190476	0.0139426648841355
OTU000185	0.000277777777777778	2e-04	0.000166666666666667	0.00022172096908939	0.0343046581714833
OTU000008	0.000166666666666667	2e-04	0.00025	0.00021978021978022	0.0129865787694388
OTU000464	0.00095	-2e-04	-0.000142857142857143	0.000216515837104072	0.023994089390142
OTU000541	0.00025	0.000366666666666667	0	0.000216346153846154	0.0107103051747015
OTU000364	2e-04	0.00025	0.00025	0.000214285714285714	0.0125423340961098
OTU000384	0	0.000166666666666667	5e-04	0.000214285714285714	0.0128236714975845
OTU000128	4e-04	0	0.000166666666666667	0.000209401709401709	0.00946666666666667
OTU000441	0.000658333333333333	-0.00045	0.000333333333333333	0.000209401709401709	0.0204714076858814
OTU000282	-0.000592857142857143	0.000642857142857143	0.00133333333333333	0.000209033613445378	0.0575694231210094
OTU000228	-0.000142857142857143	0.00225	-0.00069047619047619	0.000208770396270396	0.0347478012131238
OTU000555	2e-04	0.000267857142857143	0	0.000208669108669109	0.0173432234432234
OTU000290	0.000166666666666667	-0.000166666666666667	0.000733333333333333	0.000208333333333333	0.00935065537406735
OTU000352	-3.33333333333334e-05	0.000416666666666667	0.000283333333333333	0.000205559146735617	0.0260014988451521
OTU000024	0.000325	0.000125	-3e-04	0.000204761904761905	0.0291976606584663
OTU001058	0	0.000166666666666667	0.000583333333333333	0.000204761904761905	0.00551260504201681
OTU000300	0.000166666666666667	0.000633333333333333	-0.00089047619047619	0.000204441391941392	0.0279746904654799
OTU000558	0.00045	0.000333333333333333	0	0.000202413273001508	0.011575
OTU000100	-0.000575	0.00145952380952381	-0.000333333333333333	0.000202380952380952	0.047712457672635
OTU000236	5e-04	0	-0.00075	0.000202380952380952	0.0050040293040293
OTU000546	0.00045	0	2e-04	0.000200595238095238	0.0215618835412953
OTU000009	0	0.000375	0	2e-04	0.015983660130719
OTU000080	-0.000116666666666667	6.66666666666667e-05	0.000833333333333333	2e-04	0.0202279202279202
OTU000266	2e-04	0.000285714285714286	0	2e-04	0.0104664473684211
OTU000328	0.000253968253968254	0.00025	0	0.000198412698412698	0.00388095238095238
OTU000458	7.61904761904761e-05	4.16666666666667e-05	0.000833333333333333	0.000197619047619048	0.0574043187935611
OTU000299	0.000476190476190476	0.000166666666666667	0	0.000192156862745098	0.00779090909090909
OTU000796	0.000142857142857143	0.000333333333333333	-0.000133333333333333	0.000191666666666667	0.00987181152181152
OTU000084	0.000466666666666667	0.000166666666666667	-5e-05	0.000189010989010989	0.0235896168943078
OTU000460	0.000452380952380952	0	0	0.000182539682539683	0.00546666666666667
OTU000035	-5e-05	0.000485714285714286	-0.000133333333333333	0.000174299719887955	0.0315071266968326
OTU000260	0.000166666666666667	0	0.000333333333333333	0.000167832167832168	0.0112626373626374
OTU000285	2e-04	0.000166666666666667	0	0.000161904761904762	0.024744816235673
OTU000087	-0.000142857142857143	0.000517857142857143	-0.00025	0.00016031746031746	0.0263082417582418
OTU000454	8.33333333333333e-05	0.00025	0	0.00016025641025641	0.0114108436853002
OTU000280	0.00035	0	0	0.000159340659340659	0.0167169230265206
OTU000105	0	0.00045	0	0.000153846153846154	0.0114
OTU000233	0	2e-04	0.001	0.000153846153846154	0.00372294372294372
OTU000278	-0.000142857142857143	4e-04	0.000166666666666667	0.000153846153846154	0.00681818181818182
OTU000345	4e-04	0	0	0.000153846153846154	0.00742857142857143
OTU000943	2e-04	0	2e-04	0.000153846153846154	0.00546130030959752
OTU000302	0.000472222222222222	-0.000175	0.000285714285714286	0.000151260504201681	0.0238009734012451
OTU000608	0	0.000142857142857143	5e-04	0.000148351648351648	0.0312569264495096
OTU000334	-0.000333333333333333	0.000517857142857143	-0.000366666666666667	0.000146703296703297	0.0182717804446193
OTU000172	2e-04	0	0.00025	0.000145833333333333	0.0166687728937729
OTU000064	2e-04	4e-04	-2e-04	0.000144473173884939	0.0171153846153846
OTU000270	0	0.000166666666666667	0.00025	0.000142857142857143	0.00733787878787879
OTU000518	0	0.000166666666666667	0.000333333333333333	0.000142857142857143	0.0162480468298546
OTU000758	0	0.00025	0.000142857142857143	0.000142857142857143	0.00562013729977117
OTU000941	0	0	5e-04	0.000142857142857143	0.0139700550395597
OTU000627	0.000375	0.000166666666666667	-0.00025	0.000141889483065954	0.0405615609536662
OTU000202	0	0.00030952380952381	0	0.000139423076923077	0.0216528538951813
OTU000191	0	0.000166666666666667	0.000333333333333333	0.000138095238095238	0.0123942857142857
OTU000339	0.00025	1e-04	0	0.000138095238095238	0.00356140350877193
OTU000272	0	0.000142857142857143	0.001	0.000135746606334842	0.0072
OTU000443	0.000166666666666667	0.00025	0	0.000135746606334842	0.0188975287356322
OTU000106	7e-04	-0.000341269841269841	0.000166666666666667	0.000135746606334842	0.0400289531833954
OTU000146	0	0	0.000533333333333333	0.000133928571428571	0.00858095238095238
OTU000494	0	0.00075	-0.000166666666666667	0.000133928571428571	0.00697619047619048
OTU000017	0.000333333333333333	0	5e-04	0.000133333333333333	0.00338080495356037
OTU000297	0	4e-04	0	0.000133333333333333	0.0177216554709658
OTU000317	0	0	0.000483333333333333	0.000133333333333333	0.0120722222222222
OTU000774	-0.000142857142857143	0.000566666666666667	0	0.000133333333333333	0.0179200857458971
OTU000699	0	5e-04	0	0.000133333333333333	0.0019
OTU000486	0.000166666666666667	-0.000166666666666667	0.000583333333333333	0.000129166666666667	0.0167772138256009
OTU000711	0	0.000142857142857143	2e-04	0.000125	0.0084
OTU000347	3.33333333333334e-05	0.000666666666666667	-0.00025	0.000124057315233786	0.0113368983957219
OTU000217	-0.000142857142857143	0.000666666666666667	2e-04	0.000122222222222222	0.0175677655677656
OTU000250	0	4e-04	-3.33333333333334e-05	0.00012202380952381	0.0120119047619048
OTU000180	5.71428571428572e-05	0	0.001	0.000119318181818182	0.0106429487179487
OTU000265	0.000333333333333333	0	0	0.000117647058823529	0.00815384615384615
OTU000436	0	0.000333333333333333	0	0.000117647058823529	0.0096
OTU000756	0.00025	0	0	0.000117647058823529	0.0066
OTU000564	-3.33333333333334e-05	0	0.000533333333333333	0.000115277777777778	0.0338559770151875
OTU000112	0.000133333333333333	0	0.00015	0.000112698412698413	0.0289933007809707
OTU000336	0.000142857142857143	0	0.000166666666666667	0.000111111111111111	0.00373214285714286
OTU000324	0	2e-04	2e-04	0.000111111111111111	0.00469377990430622
OTU000738	0.000111111111111111	0.000285714285714286	-0.000333333333333333	0.000105263157894737	0.0093859649122807
OTU000896	0	0.000233333333333333	0	0.000104166666666667	0.00782352941176471
OTU000136	0	-2e-04	0.000833333333333333	0.000103514132925898	0.0354164208598419
OTU000065	0.000166666666666667	0	8.33333333333333e-05	1e-04	0.018603482688622
OTU000338	1e-04	0	0.000166666666666667	9.52380952380952e-05	0.00661904761904762
OTU000089	-0.000285714285714286	5e-04	0	9.36507936507937e-05	0.0142206766917293
OTU000168	0	0.00025	0	9.09090909090909e-05	0.00487301587301587
OTU000354	0	4e-04	-5e-04	9.09090909090909e-05	0.0178227019160805
OTU000433	0.000333333333333333	0	0	9.09090909090909e-05	0.00348484848484849
OTU000596	0	-0.000142857142857143	0.000666666666666667	8.38675213675214e-05	0.03115702602911
OTU000099	-0.000125	-0.000166666666666667	0.00145	8.33333333333333e-05	0.0233144042232278
OTU000235	0	0.000166666666666667	0	8.33333333333333e-05	0.00283333333333333
OTU000231	0	2e-04	0	8.33333333333333e-05	0.0126912531912532
OTU000591	0.000142857142857143	0	0	8.33333333333333e-05	0.00811818181818182
OTU000636	3.33333333333334e-05	0.00025	0	8.33333333333333e-05	0.0160961111111111
OTU000545	0	0	5e-04	8.33333333333333e-05	0.001
OTU000727	0.000333333333333333	0	0	8.33333333333333e-05	0.00948815004262575
OTU000752	0	0	0.000333333333333333	8.33333333333333e-05	0.0177501156984533
OTU000793	0	0	0.00025	8.33333333333333e-05	0.00357894736842105
OTU000754	0	0	0.000333333333333333	8.33333333333333e-05	0.00470714285714286
OTU000917	0.00025	0	0	8.33333333333333e-05	0.00342857142857143
OTU000163	2e-04	1.78571428571428e-05	-8.33333333333333e-05	8.33333333333333e-05	0.025824586340433
OTU000113	0.00025	-0.00025	0.000333333333333333	8.24175824175824e-05	0.0149674685823293
OTU000002	0.00025	5.55555555555556e-05	0	8.16849816849817e-05	0.0292610969234391
OTU000390	0	4e-04	-0.000166666666666667	8.03571428571429e-05	0.0230205186756977
OTU000369	-2e-04	2e-04	0.001	7.85714285714286e-05	0.0087609477124183
OTU000166	0	-0.000333333333333333	4e-04	7.69230769230769e-05	0.00610909090909091
OTU000262	0	0	0.000333333333333333	7.69230769230769e-05	0.0090171277997365
OTU000244	0.000142857142857143	0	0	7.69230769230769e-05	0.0185870502046973
OTU000461	0	0	0.000333333333333333	7.69230769230769e-05	0.0123390804597701
OTU000492	0	0	0.00025	7.69230769230769e-05	0.00536666666666667
OTU000557	0	0	0.00025	7.69230769230769e-05	0.0185096153846154
OTU000573	0	0	5e-04	7.69230769230769e-05	0.00209523809523809
OTU000739	0	0	0.000333333333333333	7.69230769230769e-05	0.0100288461538462
OTU000784	0	0.00025	0	7.69230769230769e-05	0.0015
OTU000973	0	0.00025	0	7.69230769230769e-05	0.00327272727272727
OTU001012	2e-04	0	0	7.69230769230769e-05	0.00857777777777778
OTU001119	0.000166666666666667	0	0	7.69230769230769e-05	0.00520193236714976
OTU001250	0.000166666666666667	0	0	7.69230769230769e-05	0.00186666666666667
OTU001387	0	0.000166666666666667	0	7.69230769230769e-05	0.0035
OTU000273	-0.000285714285714286	0.000333333333333333	0.001	7.61904761904762e-05	0.0125131313131313
OTU000358	-0.000476190476190476	0	0.000833333333333333	7.55952380952381e-05	0.012986790986791
OTU000074	5e-04	0	0	7.14285714285714e-05	0.00706666666666667
OTU000240	0	0	5e-04	7.14285714285714e-05	0.00361111111111111
OTU000200	-0.00025	0.000166666666666667	0.000333333333333333	7.14285714285714e-05	0.00631428571428571
OTU000271	0.000125	0	0	7.14285714285714e-05	0.00707350427350428
OTU000371	0	2e-04	0	7.14285714285714e-05	0.003375
OTU000429	0	0.000142857142857143	0	7.14285714285714e-05	0.00433333333333333
OTU000532	0	0.000125	0	7.14285714285714e-05	0.00673611111111111
OTU000625	0	0.000166666666666667	0	7.14285714285714e-05	0.00188888888888889
OTU000533	0.00025	0	0	7.14285714285714e-05	0.00538888888888889
OTU000622	0	5e-04	0	7.14285714285714e-05	0.00189473684210526
OTU000683	0.000125	0	0	7.14285714285714e-05	0.00338461538461539
OTU000702	0	2e-04	0	7.14285714285714e-05	0.00811451612903226
OTU000688	0	2e-04	0	7.14285714285714e-05	0.0048719298245614
OTU000802	0	0	2e-04	7.14285714285714e-05	0.00183333333333333
OTU000910	0	0.00025	0	7.14285714285714e-05	0.00188888888888889
OTU000972	0	0.00025	0	7.14285714285714e-05	0.00186666666666667
OTU001083	0	0	0.00025	7.14285714285714e-05	0.00773882783882784
OTU001154	0	0.000166666666666667	0	7.14285714285714e-05	0.00483689839572193
OTU001430	0.00025	0	0	7.14285714285714e-05	0.001875
OTU001228	0	0	5e-04	7.14285714285714e-05	0.00186666666666667
OTU000370	-0.000142857142857143	0.000285714285714286	-0.00025	7.03962703962704e-05	0.0231064594803439
OTU000070	0	0	2e-04	6.66666666666667e-05	0.019431221001221
OTU000124	0	0.000125	0	6.66666666666667e-05	0.00433333333333333
OTU000213	0.000125	0	0	6.66666666666667e-05	0.00583333333333333
OTU000281	0	0	0.000333333333333333	6.66666666666667e-05	0.00957619047619048
OTU000319	0.000125	0	0	6.66666666666667e-05	0.0128917805878332
OTU000344	0.000142857142857143	0	0	6.66666666666667e-05	0.00895897435897436
OTU000382	0.000142857142857143	0	0	6.66666666666667e-05	0.00184615384615385
OTU000432	0	0	0.00025	6.66666666666667e-05	0.00327272727272727
OTU000626	0.000166666666666667	0	0	6.66666666666667e-05	0.00783333333333333
OTU000652	0.000142857142857143	0	0	6.66666666666667e-05	0.00160952380952381
OTU000617	0	0.000166666666666667	0	6.66666666666667e-05	0.00414848484848485
OTU000781	0	0.000333333333333333	0	6.66666666666667e-05	0.01279360650243
OTU000790	0	0	2e-04	6.66666666666667e-05	0.00376111111111111
OTU000800	0.000142857142857143	0	0	6.66666666666667e-05	0.00185714285714286
OTU000871	0	0	2e-04	6.66666666666667e-05	0.00177777777777778
OTU000926	0	0.00025	0	6.66666666666667e-05	0.00567251461988304
OTU000766	0	0	0.00025	6.66666666666667e-05	0.0015
OTU000998	0	0.000111111111111111	0	6.66666666666667e-05	0.00172527472527472
OTU001120	0	0	0.00025	6.66666666666667e-05	0.00372294372294372
OTU000190	0.000416666666666667	0.000285714285714286	-6e-04	6.25e-05	0.01475
OTU000148	0	0	0.000333333333333333	6.25e-05	0.001875
OTU000259	-0.000125	0	0.001	6.25e-05	0.0133259090909091
OTU000249	-2e-04	0.000333333333333333	0	6.25e-05	0.00592982456140351
OTU000261	0.000125	0	0	6.25e-05	0.00801472308221534
OTU000303	0	0.000166666666666667	0	6.25e-05	0.00941816078658184
OTU000256	0.000125	0	0	6.25e-05	0.0066732905982906
OTU000367	0	0	0.000166666666666667	6.25e-05	0.00341818181818182
OTU000446	0	0	0.000333333333333333	6.25e-05	0.00532330827067669
OTU000544	0	0.000166666666666667	0	6.25e-05	0.00471428571428571
OTU000832	2e-04	0	0	6.25e-05	0.00133333333333333
OTU000776	0.000142857142857143	0	0	6.25e-05	0.003025
OTU001041	0.000166666666666667	0	0	6.25e-05	0.00513684210526316
OTU001078	2e-04	0	0	6.25e-05	0.00171428571428571
OTU001222	0	0	2e-04	6.25e-05	0.001875
OTU001563	0.000111111111111111	0	0	6.25e-05	0.00184615384615385
OTU000612	0	0	3e-04	6.19047619047619e-05	0.0136595022624434
OTU000122	0	0	0.00025	5.88235294117647e-05	0.00428914141414142
OTU000400	0	0.000166666666666667	0	5.88235294117647e-05	0.00376470588235294
OTU000523	0.000142857142857143	0	0	5.88235294117647e-05	0.00452941176470588
OTU000472	2e-04	0	0	5.88235294117647e-05	0.00488456435205661
OTU000575	0	0.000166666666666667	0	5.88235294117647e-05	0.0128214285714286
OTU000624	0	0	2e-04	5.88235294117647e-05	0.0122862067457975
OTU000769	0.000166666666666667	0	0	5.88235294117647e-05	0.00322222222222222
OTU000806	0	0.000166666666666667	0	5.88235294117647e-05	0.0118483660130719
OTU000935	0	0.000142857142857143	0	5.88235294117647e-05	0.00317948717948718
OTU000750	0	0.000142857142857143	0	5.88235294117647e-05	0.0114988500663423
OTU000830	0	0	0.000142857142857143	5.88235294117647e-05	0.00338782608695652
OTU000859	0.00025	0	0	5.88235294117647e-05	0.00644871794871795
OTU001026	0	0	2e-04	5.88235294117647e-05	0.00184615384615385
OTU000038	-5e-04	0.000125	0.000166666666666667	5.72478991596639e-05	0.0243199643493761
OTU000275	0	0	0.000333333333333333	5.55555555555556e-05	0.0132933385579937
OTU000348	0	0	2e-04	5.55555555555556e-05	0.0089237012987013
OTU000375	0.000111111111111111	0	0	5.55555555555556e-05	0.001
OTU001046	0	0	2e-04	5.55555555555556e-05	0.00177777777777778
OTU001259	0	0	0.000166666666666667	5.55555555555556e-05	0.00959786096256685
OTU000674	2e-04	0	0	5.26315789473684e-05	0.00365217391304348
OTU001399	0	0	0.000333333333333333	5e-05	0.00535555555555556
OTU000325	0.000623809523809524	0	-5e-04	4.80769230769231e-05	0.0247085858585859
OTU000211	-0.000233333333333333	0.000285714285714286	0	4.61538461538462e-05	0.0071959595959596
OTU000452	0	0	0.000166666666666667	2.38095238095238e-05	0.00596666666666667
OTU000565	-0.000142857142857143	0.00025	0	2.13675213675214e-05	0.0100714285714286
OTU000365	8.33333333333333e-05	-2e-04	0.000333333333333333	1.94805194805195e-05	0.0130458525345622
OTU000528	0.000166666666666667	-2e-04	0	1.66666666666667e-05	0.00886507936507936
OTU000482	-0.000166666666666667	0.000142857142857143	0	1.44230769230769e-05	0.0100380966282295
OTU000135	0	2e-04	-2e-04	1.02564102564103e-05	0.0171282931121166
OTU000672	-0.00025	0	0.000142857142857143	8.92857142857142e-06	0.00733333333333333
OTU000001	0	0	-8.33333333333333e-05	6.4102564102564e-06	0.0156064773547746
OTU000264	0.000476190476190476	0	-5e-04	4.76190476190476e-06	0.00563923444976077
OTU000230	-5.83333333333333e-05	2e-04	-8.33333333333333e-05	5.95238095238093e-07	0.036820313020313
OTU000027	0	0	0	0	0.00357777777777778
OTU000028	0	-0.00025	0.000333333333333333	0	0.0103110859728507
OTU000060	0	0	0	0	0.00505714285714286
OTU000088	0	0	0	0	0.00687179487179487
OTU000094	0	0	0	0	0.002
OTU000077	0	0	0	0	0
OTU000125	0	0	0	0	0.001
OTU000139	0	0	0	0	0
OTU000165	0	0	0	0	0
OTU000144	0	0	0	0	0.001875
OTU000162	0	0	0	0	0.00545833333333333
OTU000158	0	0	0	0	0
OTU000171	0	0	0	0	0
OTU000167	0	0	0	0	0
OTU000186	0	0	0	0	0.00848840125391849
OTU000151	0	0	0	0	0.0024
OTU000183	0	0	0	0	0.00320833333333333
OTU000206	0	0	0	0	0
OTU000184	0	0	0	0	0
OTU000187	0	0	0	0	0.00984615384615385
OTU000220	0	0	0	0	0.00357266009852217
OTU000234	0	0	0	0	0.00583333333333333
OTU000218	0	0	0	0	0.00571666666666667
OTU000229	0	0.000142857142857143	-0.00025	0	0.00695798319327731
OTU000246	0	0	0	0	0.002
OTU000243	0	0	0	0	0
OTU000221	0	0	0	0	0.00536363636363636
OTU000237	0	0	0	0	0.0114808712958868
OTU000255	0	0	0	0	0.0065
OTU000274	0	0	0	0	0
OTU000291	0	0	0	0	0.00712464985994398
OTU000288	0	0	0	0	0.00185714285714286
OTU000329	0	0	0	0	0.00902405739421868
OTU000305	0	0	0	0	0
OTU000284	0	0	0	0	0.0024
OTU000286	0	0	0	0	0
OTU000267	0	0	0	0	0.010020757020757
OTU000304	0	0	0	0	0.000523809523809524
OTU000201	0	0	0	0	0
OTU000316	0	0	0	0	0
OTU000311	0	-2e-04	0.00025	0	0.004
OTU000315	0	0	0	0	0.00284615384615385
OTU000368	0	0	0	0	0
OTU000320	0	0	0	0	0.00371291866028708
OTU000333	0	0	0	0	0.00599222999222999
OTU000351	0	0	0	0	0
OTU000310	0	0	0	0	0
OTU000337	0	0	0	0	0.00566853146853147
OTU000381	0	0	0	0	0
OTU000355	2e-04	0	-5e-04	0	0.011859649122807
OTU000415	0	0	0	0	0
OTU000335	0	0	0	0	0
OTU000363	0	0	0	0	0
OTU000379	0	0	0	0	0.0015
OTU000330	0	0	0	0	0.00407142857142857
OTU000393	0	0	0	0	0.0118612914862915
OTU000388	0	0	0	0	0.00311111111111111
OTU000430	0	0	0	0	0.00739641943734015
OTU000398	0	0	0	0	0
OTU000403	0	0	0	0	0.0015
OTU000361	0	0	0	0	0
OTU000397	0	0	0	0	0.00357894736842105
OTU000422	0	0	0	0	0
OTU000392	0	0	0	0	0
OTU000426	0	0	0	0	0.0042
OTU000387	0	0	0	0	0.00664615384615385
OTU000417	0	0	0	0	0
OTU000405	0	0	0	0	0.00648611111111111
OTU000419	0	0	0	0	0.00388235294117647
OTU000412	0	0	0	0	0.00171428571428571
OTU000385	0	0	0	0	0
OTU000440	0	0	0	0	0.00283333333333333
OTU000457	0	0	0	0	0.00325
OTU000427	0	0	0	0	0.00181818181818182
OTU000409	0	0	0	0	0.00441666666666667
OTU000410	0	0	0	0	0
OTU000423	0	0	0	0	0.00313571428571429
OTU000447	0	0	0	0	0.00627272727272727
OTU000476	0	0	0	0	0
OTU000485	0	0	0	0	0
OTU000467	0	0	0	0	0
OTU000513	0	0	0	0	0
OTU000420	0	0	0	0	0.001
OTU000435	0	0	0	0	0.00941253400881884
OTU000431	0	0	0	0	0
OTU000439	0	0	0	0	0
OTU000442	0	0	0	0	0
OTU000444	0	0	0	0	0.00490833333333333
OTU000469	0	0	0	0	0
OTU000377	-0.000142857142857143	0	0.000333333333333333	0	0.0105521062271062
OTU000378	0	0	0	0	0
OTU000466	0	0	0	0	0
OTU000450	0.00025	0	-2e-04	0	0.0155379809818664
OTU000496	0	0	0	0	0
OTU000468	0	0	0	0	0.00181818181818182
OTU000480	0	0	0	0	0.005775
OTU000504	0	0	0	0	0
OTU000456	0	0	0	0	0
OTU000498	0	0	0	0	0.000382352941176471
OTU000514	0	0	0	0	0.00464615384615385
OTU000453	0	0	0	0	0.00778006878742173
OTU000487	0	0	0	0	0.00188888888888889
OTU000515	0	0	0	0	0.0044
OTU000484	0	0	0	0	0
OTU000506	0	0	0	0	0
OTU000509	0	0	0	0	0.00265151515151515
OTU000508	0	0	0	0	0.00188888888888889
OTU000534	0	0	0	0	0
OTU000470	0	0	0	0	0.00171428571428571
OTU000501	0	0	0	0	0.00183333333333333
OTU000527	0	0	0	0	0.002
OTU000455	0	0	0	0	0
OTU000493	0	0	0	0	0
OTU000505	0	0	0	0	0
OTU000475	0	0	0	0	0.00330909090909091
OTU000497	0	0	0	0	0.00717759103641457
OTU000524	0	0	0	0	0
OTU000481	0	0	0	0	0
OTU000462	0	0	0	0	0.0019
OTU000500	0	0	0	0	0
OTU000512	0	0	0	0	0
OTU000521	0	0	0	0	0.0015
OTU000553	0.000166666666666667	0	-5e-04	0	0.00233333333333333
OTU000489	0	0	0	0	0
OTU000522	0	0	0	0	0
OTU000530	0	0	0	0	0.0122191176470588
OTU000536	0	0	0	0	0
OTU000549	0	0	0	0	0
OTU000551	0	0	0	0	0.00181818181818182
OTU000567	0	0	0	0	0
OTU000571	0	0	0	0	0
OTU000579	0	0	0	0	0.00169005847953216
OTU000603	0	0	0	0	0.00186666666666667
OTU000459	0	0	0	0	0.00442857142857143
OTU000562	0	0	0	0	0.001875
OTU000537	0	0	0	0	0.00189473684210526
OTU000550	0	0	0	0	0
OTU000578	0	0	0	0	0.00191304347826087
OTU000507	0	0	0	0	0.00257142857142857
OTU000588	0	0	0	0	0
OTU000568	0	0	0	0	0
OTU000572	0	0	0	0	0
OTU000511	0	0	0	0	0.00190909090909091
OTU000539	0	0	0	0	0
OTU000554	0	0	0	0	0
OTU000396	0	0	0	0	0
OTU000556	0	0	0	0	0.001
OTU000560	0	0	0	0	0
OTU000563	0.00025	0	-0.00025	0	0.00498984593837535
OTU000574	0	0	0	0	0
OTU000543	0	0	0	0	0
OTU000592	0	0	0	0	0
OTU000602	0	0	0	0	0.00172527472527472
OTU000517	0	0	0	0	0.00882130004498425
OTU000535	0	0	0	0	0
OTU000586	0	0	0	0	0.00526190476190476
OTU000590	0	0	0	0	0.003
OTU000615	0	0	0	0	0.0035
OTU000559	0	0	0	0	0
OTU000569	0	0	0	0	0
OTU000593	0	0	0	0	0.00324444444444444
OTU000605	0	0	0	0	0
OTU000658	0	0	0	0	0
OTU000526	0	0	0	0	0.00158974358974359
OTU000587	0	0	0	0	0
OTU000598	0	0	0	0	0.00367948717948718
OTU000600	0	0	0	0	0.00181818181818182
OTU000621	0	0	0	0	0.0015
OTU000577	0	0	0	0	0
OTU000582	0	0	0	0	0
OTU000631	0	0	0	0	0
OTU000634	0	0	0	0	0.00338461538461539
OTU000538	0	0	0	0	0
OTU000669	0	0	0	0	0
OTU000604	0	0	0	0	0
OTU000620	0	0	0	0	0
OTU000633	0	0	0	0	0
OTU000643	0	0	0	0	0
OTU000651	0	0	0	0	0.001
OTU000599	0	0	0	0	0
OTU000637	0	0	0	0	0.00186666666666667
OTU000663	0	0	0	0	0.003
OTU000421	0	0	0	0	0
OTU000576	0	0	0	0	0
OTU000614	0	0	0	0	0.0018
OTU000619	0	0	0	0	0.0111642857142857
OTU000638	0	0	0	0	0.0015
OTU000639	0	0	0	0	0
OTU000670	0	0	0	0	0.00346666666666667
OTU000675	0	0	0	0	0.00285714285714286
OTU000685	0	0	0	0	0
OTU000691	0	0	0	0	0
OTU000692	0	0	0	0	0
OTU000520	0	0	0	0	0.00346666666666667
OTU000611	0	0	0	0	0
OTU000613	0.00025	0	-2e-04	0	0.00175833333333333
OTU000629	0	0	0	0	0
OTU000630	0	0	0	0	0
OTU000650	0	0	0	0	0
OTU000654	0	0	0	0	0
OTU000671	0	0	0	0	0
OTU000566	0	0	0	0	0
OTU000589	0	0	0	0	0
OTU000607	0	0	0	0	0
OTU000653	0	0	0	0	0
OTU000659	0	0	0	0	0.00673333333333333
OTU000660	0	0	0	0	0
OTU000694	0	0	0	0	0
OTU000713	0	0	0	0	0
OTU000693	0	0	0	0	0.001
OTU000585	0	0	0	0	0
OTU000662	0	0	0	0	0
OTU000664	0	0	0	0	0
OTU000704	0	0	0	0	0
OTU000753	0	0	0	0	0
OTU000616	0	0	0	0	0.00227692307692308
OTU000656	0	0	0	0	0
OTU000682	0	0	0	0	0
OTU000689	0	0	0	0	0
OTU000690	0	0	0	0	0.00183333333333333
OTU000744	0	0	0	0	0
OTU000767	0	0	0	0	0
OTU000770	0	0	0	0	0
OTU000584	0	0	0	0	0.00183333333333333
OTU000632	0	0	0	0	0
OTU000645	0	0	0	0	0
OTU000649	0	0	0	0	0.00177777777777778
OTU000668	0	0	0	0	0
OTU000757	0	0	0	0	0
OTU000779	0	0	0	0	0.00285714285714286
OTU000640	0	0	0	0	0
OTU000644	0	0	0	0	0.0019
OTU000647	0	0	0	0	0
OTU000657	0	0	0	0	0
OTU000680	0	0	0	0	0.00183333333333333
OTU000684	0	0	0	0	0
OTU000686	0	0.00025	-2e-04	0	0.00313365539452496
OTU000726	0	0	0	0	0
OTU000736	0	0	0	0	0.00476190476190476
OTU000764	0	0	0	0	0.00189473684210526
OTU000780	0	0	0	0	0
OTU000687	0	0	0	0	0.00468609168609169
OTU000712	0	0	0	0	0.00301785714285714
OTU000724	0	0	0	0	0
OTU000768	0	0	0	0	0
OTU000833	0	0	0	0	0.00436363636363636
OTU000642	0	0	0	0	0.001875
OTU000665	0	0	0	0	0
OTU000695	0	0	0	0	0
OTU000696	0	0	0	0	0
OTU000701	0	0	0	0	0
OTU000703	0	0	0	0	0.001
OTU000708	0	0	0	0	0
OTU000716	0	0	0	0	0.00459615384615385
OTU000718	0	0	0	0	0.00183333333333333
OTU000722	0	0	0	0	0.00494372294372294
OTU000732	0	0	0	0	0.00185714285714286
OTU000734	0	0	0	0	0
OTU000737	0	0	0	0	0.00185714285714286
OTU000740	0	0	0	0	0.00687271167048055
OTU000755	0	0	0	0	0.00183333333333333
OTU000762	0	0	0	0	0
OTU000791	0	0	0	0	0
OTU000797	0	0	0	0	0
OTU000814	0	0	0	0	0
OTU000666	0	0	0	0	0.00327272727272727
OTU000676	0	0	0	0	0
OTU000679	0	0	0	0	0
OTU000681	0	0	0	0	0.002
OTU000714	0	0	0	0	0
OTU000715	0	0	0	0	0.00353034547152194
OTU000720	0	0	0	0	0
OTU000745	0	0	0	0	0
OTU000748	0	0	0	0	0
OTU000772	0	0	0	0	0
OTU000775	0	0	0	0	0.00368484848484849
OTU000795	0	0	0	0	0
OTU000818	0	0	0	0	0.0065672514619883
OTU000837	0	0	0	0	0
OTU000914	0	0	0	0	0.00333333333333333
OTU000641	0	0	0	0	0
OTU000661	0	0	0	0	0.0198157894736842
OTU000725	0	0	0	0	0
OTU000731	0	0	0	0	0.0016
OTU000746	0	0	0	0	0.00654545454545455
OTU000765	0	0	0	0	0
OTU000778	0	0	0	0	0.00451764705882353
OTU000782	0	0	0	0	0
OTU000798	0	0	0	0	0
OTU000801	0	0	0	0	0
OTU000805	0	0	0	0	0
OTU000809	0	0	0	0	0.003625
OTU000810	0	0	0	0	0.00444444444444444
OTU000828	0	0	0	0	0.000833333333333334
OTU000655	0	0	0	0	0.00133333333333333
OTU000697	0	0	0	0	0
OTU000700	0	0	0	0	0.00815151515151515
OTU000706	0	0	0	0	0.0139071428571429
OTU000741	0	0	0	0	0
OTU000743	0	0	0	0	0
OTU000777	0	0	0	0	0.00365217391304348
OTU000785	0	0	0	0	0
OTU000788	0	0	0	0	0
OTU000815	0	0	0	0	0.00166666666666667
OTU000824	0	0	0	0	0.00518762939958592
OTU000826	0	0	0	0	0
OTU000838	0	0	0	0	0.00452380952380952
OTU000843	0	0	0	0	0
OTU000851	0	0	0	0	0
OTU000854	0	0	0	0	0
OTU000864	0	0	0	0	0.00578642059694691
OTU000880	0	0	0	0	0.00769705469845722
OTU000886	0	0	0	0	0
OTU000719	0	0	0	0	0.001875
OTU000729	0	0	0	0	0
OTU000759	0	0	0	0	0
OTU000771	0	0	0	0	0.00638138974888201
OTU000807	0	0	0	0	0
OTU000808	0	0	0	0	0.00206882591093117
OTU000817	0	0	0	0	0
OTU000820	0	0	0	0	0.00183333333333333
OTU000842	0	0	0	0	0
OTU000850	0	0	0	0	0.0018
OTU000861	0	0	0	0	0
OTU000913	0	0	0	0	0
OTU000939	0	0	0	0	0
OTU000705	0	0	0	0	0.00735664335664336
OTU000747	0	0	0	0	0.001875
OTU000760	0	0	0	0	0
OTU000804	0	0	0	0	0
OTU000811	0	0	0	0	0.00186666666666667
OTU000812	0	0.000166666666666667	-0.000333333333333333	0	0.0076969696969697
OTU000825	0	0	0	0	0.00404210526315789
OTU000834	0	0	0	0	0.00477205882352941
OTU000836	0	0	0	0	0
OTU000852	0	0	0	0	0
OTU000891	0	0	0	0	0
OTU000894	0	0	0	0	0.00568181818181818
OTU000900	0	0	0	0	0
OTU000924	0	0	0	0	0
OTU000721	0	0	0	0	0
OTU000742	0	0	0	0	0.00294912280701754
OTU000763	0	0	0	0	0
OTU000786	0	0	0	0	0.00943055555555555
OTU000799	0	0	0	0	0.0045
OTU000803	0	0	0	0	0.0027972027972028
OTU000816	0	0	0	0	0
OTU000822	0	0	0	0	0
OTU000829	0	0	0	0	0.00168181818181818
OTU000831	0	0	0	0	0
OTU000840	0	0	0	0	0
OTU000846	0	0	0	0	0
OTU000848	0	0	0	0	0.00545029239766082
OTU000849	0	0	0	0	0.00635
OTU000855	0	0	0	0	0
OTU000856	0	0	0	0	0.00133333333333333
OTU000858	0	0	0	0	0.00445238095238095
OTU000862	0	0	0	0	0
OTU000868	0	0	0	0	0
OTU000872	0	0	0	0	0.00359663865546219
OTU000874	0	0	0	0	0.00133333333333333
OTU000881	0	0	0	0	0
OTU000887	0	0	0	0	0.00448235294117647
OTU000892	0	0	0	0	0.00295384615384615
OTU000902	0	0	0	0	0
OTU000903	0	0	0	0	0
OTU000905	0	0	0	0	0.00321111111111111
OTU000915	0	0	0	0	0
OTU000923	0	0	0	0	0
OTU000946	0	0	0	0	0
OTU000947	0	0	0	0	0.00174285714285714
OTU000954	0	0	0	0	0
OTU000751	0	0	0	0	0.001875
OTU000761	0	0	0	0	0.0015
OTU000773	0	0	0	0	0
OTU000821	0	0	0	0	0
OTU000823	0	0	0	0	0
OTU000827	0	0	0	0	0
OTU000847	0	0	0	0	0.00189473684210526
OTU000857	0	0	0	0	0
OTU000877	0	0	0	0	0.00174285714285714
OTU000883	0	0	0	0	0.00183333333333333
OTU000884	0	0	0	0	0
OTU000885	0	0	0	0	0
OTU000889	0	0	0	0	0
OTU000909	0	0	0	0	0
OTU000911	0	0	0	0	0.00188235294117647
OTU000925	0	0	0	0	0
OTU000927	0	0	0	0	0.00133333333333333
OTU000932	0	0	0	0	0
OTU000961	0	0	0	0	0
OTU000963	0	0	0	0	0
OTU000983	0	0	0	0	0.00372352941176471
OTU000411	0	0	0	0	0
OTU000710	0	0	0	0	0
OTU000792	0	0	0	0	0.0017051282051282
OTU000841	0	0	0	0	0.00415
OTU000865	0	0	0	0	0.00380434782608696
OTU000866	0	0	0	0	0
OTU000869	0	0	0	0	0
OTU000873	0	0	0	0	0
OTU000875	0	0	0	0	0
OTU000879	0	0	0	0	0
OTU000882	0	0	0	0	0
OTU000890	0	0	0	0	0.00393846153846154
OTU000898	0	0	0	0	0
OTU000899	0	0	0	0	0.00357894736842105
OTU000907	0	0	0	0	0
OTU000916	0	0	0	0	0
OTU000919	0	0	0	0	0
OTU000920	0	0	0	0	0.00385714285714286
OTU000934	0	0	0	0	0.00186666666666667
OTU000937	0	0	0	0	0.00326785714285714
OTU000967	0	0	0	0	0
OTU000994	0	0	0	0	0
OTU000999	0	0	0	0	0.00181818181818182
OTU001000	0	0	0	0	0
OTU001006	0	0	0	0	0.001875
OTU001020	0	0	0	0	0.00373214285714286
OTU001023	0	0	0	0	0
OTU001057	0	0	0	0	0.0045
OTU001071	0	0	0	0	0
OTU000867	0	0	0	0	0
OTU000888	0	0	0	0	0
OTU000895	0	0	0	0	0
OTU000897	0	0	0	0	0
OTU000904	0	0	0	0	0
OTU000921	0	0	0	0	0
OTU000922	0	0	0	0	0
OTU000929	0	0	0	0	0.00680663780663781
OTU000930	0	0	0	0	0
OTU000931	0	0	0	0	0
OTU000933	0	0	0	0	0.00391866028708134
OTU000940	0	0	0	0	0
OTU000942	0	0	0	0	0
OTU000948	0	0	0	0	0
OTU000950	0	0	0	0	0
OTU000953	0	0	0	0	0
OTU000955	0	0	0	0	0
OTU000960	0	0	0	0	0
OTU000966	0	0	0	0	0
OTU000969	0	0	0	0	0
OTU000970	0	0	0	0	0
OTU000974	0	0	0	0	0.0015
OTU000978	0	0	0	0	0
OTU000980	0	0	0	0	0.00366666666666667
OTU000986	0	0	0	0	0.0015
OTU000989	0	0	0	0	0.0035959595959596
OTU000991	0	0	0	0	0
OTU000993	0	0	0	0	0.00171428571428571
OTU001011	0	0	0	0	0.001875
OTU001014	0	0	0	0	0
OTU000794	0	0	0	0	0
OTU000835	0	0	0	0	0
OTU000845	0	0	0	0	0.0015
OTU000908	0	0	0	0	0
OTU000957	0	0	0	0	0
OTU000964	0	0	0	0	0
OTU000985	0	0	0	0	0.00188888888888889
OTU000997	0	0	0	0	0.0032280701754386
OTU001005	0	0	0	0	0
OTU001007	0	0	0	0	0.001875
OTU001009	0	0	0	0	0.00166666666666667
OTU001016	0	0	0	0	0.00373949579831933
OTU001025	0	0	0	0	0.00133333333333333
OTU001038	0	0	0	0	0
OTU001039	0	0	0	0	0
OTU001042	0	0	0	0	0
OTU001044	0	0	0	0	0
OTU001049	0	0	0	0	0
OTU001064	0	0	0	0	0
OTU001075	0	0	0	0	0
OTU001079	0	0	0	0	0
OTU001085	0	0	0	0	0
OTU001087	0	0	0	0	0
OTU001090	0	0	0	0	0
OTU001159	0	0	0	0	0.00133333333333333
OTU001170	0	0	0	0	0.001
OTU000418	0	0	0	0	0
OTU000839	0	0	0	0	0.00133333333333333
OTU000853	0	0	0	0	0.00320833333333333
OTU000901	0	0	0	0	0
OTU000912	0	0	0	0	0
OTU000918	0	0	0	0	0
OTU000928	0	0	0	0	0
OTU000959	0	0	0	0	0
OTU000965	0	0	0	0	0
OTU000975	0	0	0	0	0
OTU000979	0	0	0	0	0
OTU000981	0	0	0	0	0
OTU000982	0	0	0	0	0
OTU000984	0	0	0	0	0
OTU000995	0	0	0	0	0.00311111111111111
OTU001001	0	0	0	0	0.00166666666666667
OTU001017	0	0	0	0	0.00264705882352941
OTU001018	0	0	0	0	0
OTU001031	0	0	0	0	0.00181818181818182
OTU001032	0	0	0	0	0
OTU001033	0	0	0	0	0
OTU001035	0	0	0	0	0
OTU001036	0	0	0	0	0
OTU001048	0	0	0	0	0.00524444444444444
OTU001053	0	0	0	0	0
OTU001056	0	0	0	0	0.00183333333333333
OTU001063	0	0	0	0	0
OTU001068	0	0	0	0	0
OTU001069	0	0	0	0	0
OTU001072	0	0	0	0	0
OTU001081	0	0	0	0	0
OTU001088	0	0	0	0	0
OTU001089	0	0	0	0	0
OTU001091	0	0	0	0	0
OTU001095	0	0	0	0	0
OTU001098	0	0	0	0	0.00177777777777778
OTU001101	0	0	0	0	0
OTU001104	0	0	0	0	0.00166666666666667
OTU001106	0	0	0	0	0.00911083729390365
OTU001113	0	0	0	0	0
OTU001117	0	0	0	0	0.00133333333333333
OTU001121	0	0	0	0	0
OTU001128	0	0	0	0	0
OTU001140	0	0	0	0	0
OTU001144	0	0	0	0	0
OTU001150	0	0	0	0	0.00133333333333333
OTU001161	0	0	0	0	0
OTU001173	0	0	0	0	0
OTU001190	0	0	0	0	0.00893291562238931
OTU001196	0	0	0	0	0
OTU001235	0	0	0	0	0
OTU001278	0	0	0	0	0
OTU000893	0	0	0	0	0.0015
OTU000944	0	0	0	0	0
OTU000952	0	0	0	0	0.00352777777777778
OTU000976	0	0	0	0	0
OTU000977	0	0	0	0	0
OTU000988	0	0	0	0	0.00188888888888889
OTU000990	0	0	0	0	0
OTU000992	0	0	0	0	0
OTU000996	0	0	0	0	0.00189473684210526
OTU001010	0	0	0	0	0.00333333333333333
OTU001019	0	0	0	0	0
OTU001028	0	0	0	0	0.004875
OTU001029	0	0	0	0	0
OTU001037	0	0	0	0	0
OTU001043	0	0	0	0	0.0015
OTU001045	0	0	0	0	0
OTU001051	0	0	0	0	0
OTU001060	0	0	0	0	0
OTU001062	0	0	0	0	0.0045
OTU001086	0	0	0	0	0.0024
OTU001094	0	0	0	0	0
OTU001105	0	0	0	0	0.0016
OTU001107	0	0	0	0	0
OTU001108	0	0	0	0	0
OTU001109	0	0	0	0	0
OTU001111	0	0	0	0	0
OTU001112	0	0	0	0	0
OTU001114	0	0	0	0	0.00188235294117647
OTU001115	0	0	0	0	0.00462727272727273
OTU001123	0	0	0	0	0
OTU001129	0	0	0	0	0.00507222222222222
OTU001133	0	0	0	0	0
OTU001134	0	0	0	0	0
OTU001136	0	0	0	0	0
OTU001139	0	0	0	0	0.00185714285714286
OTU001142	0	0	0	0	0.00684185222672065
OTU001145	0	0	0	0	0
OTU001148	0	0	0	0	0
OTU001151	0	0	0	0	0
OTU001152	0	0	0	0	0
OTU001153	0	0	0	0	0
OTU001160	0	0	0	0	0.000833333333333334
OTU001162	0	0	0	0	0.00186666666666667
OTU001166	0	0	0	0	0
OTU001167	0	0	0	0	0
OTU001174	0	0	0	0	0
OTU001175	0	0	0	0	0
OTU001187	0	0	0	0	0.00686666666666667
OTU001191	0	0	0	0	0
OTU001204	0	0	0	0	0
OTU001205	0	0	0	0	0
OTU001207	0	0	0	0	0.00184615384615385
OTU001227	0	0	0	0	0
OTU001232	0	0	0	0	0
OTU001233	0	0	0	0	0.00155128205128205
OTU001243	0	0	0	0	0
OTU001247	0	0	0	0	0
OTU001252	0	0	0	0	0
OTU001254	0	0	0	0	0
OTU001256	0	0	0	0	0.00355555555555556
OTU001265	0	0	0	0	0
OTU001266	0	0	0	0	0
OTU001268	0	0	0	0	0
OTU001300	0	0	0	0	0.0018
OTU001315	0	0	0	0	0.00188235294117647
OTU001326	0	0	0	0	0
OTU001327	0	0	0	0	0.00352941176470588
OTU001336	0	0	0	0	0.00340842490842491
OTU001342	0	0	0	0	0.00181818181818182
OTU001360	0	0	0	0	0
OTU001392	0	0	0	0	0
OTU001400	0	0	0	0	0
OTU001414	0	0	0	0	0
OTU000789	0	0	0	0	0.0015
OTU000819	0	0	0	0	0
OTU000863	0	0	0	0	0
OTU001008	0	0	0	0	0
OTU001013	0	0	0	0	0
OTU001021	0	0	0	0	0
OTU001022	0	0	0	0	0
OTU001024	0	0	0	0	0
OTU001030	0	0	0	0	0
OTU001034	0	0	0	0	0
OTU001040	0	0	0	0	0
OTU001047	0	0	0	0	0
OTU001052	0	0	0	0	0
OTU001054	0	0	0	0	0
OTU001055	0	0	0	0	0
OTU001061	0	0	0	0	0
OTU001065	0	0	0	0	0.00665131578947368
OTU001066	0	0	0	0	0
OTU001067	0	0	0	0	0
OTU001076	0	0	0	0	0
OTU001077	0	0	0	0	0
OTU001080	0	0	0	0	0
OTU001092	0	0	0	0	0
OTU001097	0	0	0	0	0
OTU001100	0	0	0	0	0.00355555555555556
OTU001102	0	0	0	0	0
OTU001103	0	0	0	0	0
OTU001110	0	0	0	0	0
OTU001116	0	0	0	0	0
OTU001118	0	0	0	0	0
OTU001122	0	0	0	0	0
OTU001125	0	0	0	0	0
OTU001131	0	0	0	0	0
OTU001138	0	0	0	0	0.0015
OTU001141	0	0	0	0	0.00175
OTU001146	0	0	0	0	0
OTU001156	0	0	0	0	0.001875
OTU001165	0	0	0	0	0.00181818181818182
OTU001169	0	0	0	0	0.00702222222222222
OTU001172	0	0	0	0	0
OTU001183	0	0	0	0	0
OTU001184	0	0	0	0	0
OTU001186	0	0	0	0	0
OTU001188	0	0	0	0	0.00297619047619048
OTU001193	0	0	0	0	0.00166666666666667
OTU001194	0	0	0	0	0
OTU001197	0	0	0	0	0
OTU001198	0	0	0	0	0
OTU001200	0	0	0	0	0
OTU001202	0	0	0	0	0
OTU001211	0	0	0	0	0
OTU001214	0	0	0	0	0
OTU001215	0	0	0	0	0
OTU001218	0	0	0	0	0.00547380952380952
OTU001219	0	0	0	0	0
OTU001221	0	0	0	0	0
OTU001223	0	0	0	0	0
OTU001224	0	0	0	0	0
OTU001225	0	0	0	0	0
OTU001226	0	0	0	0	0.00754994605497702
OTU001229	0	0	0	0	0
OTU001230	0	0	0	0	0
OTU001237	0	0	0	0	0
OTU001246	0	0	0	0	0
OTU001249	0	0	0	0	0
OTU001253	0	0	0	0	0
OTU001258	0	0	0	0	0
OTU001267	0	0	0	0	0
OTU001269	0	0	0	0	0
OTU001272	0	0	0	0	0
OTU001273	0	0	0	0	0
OTU001275	0	0	0	0	0.00185714285714286
OTU001277	0	0	0	0	0.00181818181818182
OTU001281	0	0	0	0	0
OTU001288	0	0	0	0	0
OTU001291	0	0	0	0	0
OTU001296	0	0	0	0	0.00295384615384615
OTU001304	0	0	0	0	0
OTU001308	0	0	0	0	0.001875
OTU001313	0	0	0	0	0
OTU001314	0	0	0	0	0
OTU001317	0	0	0	0	0
OTU001318	0	0	0	0	0
OTU001322	0	0	0	0	0
OTU001328	0	0	0	0	0
OTU001333	0	0	0	0	0
OTU001335	0	0	0	0	0.00188235294117647
OTU001340	0	0	0	0	0.00675297906602255
OTU001344	0	0	0	0	0
OTU001348	0	0	0	0	0
OTU001349	0	0	0	0	0
OTU001350	0	0	0	0	0
OTU001352	0	0	0	0	0
OTU001353	0	0	0	0	0
OTU001356	0	0	0	0	0
OTU001357	0	0	0	0	0
OTU001366	0	0	0	0	0
OTU001372	0	0	0	0	0
OTU001374	0	0	0	0	0
OTU001375	0	0	0	0	0
OTU001377	0	0	0	0	0.00188235294117647
OTU001391	0	0	0	0	0
OTU001393	0	0	0	0	0
OTU001396	0	0	0	0	0
OTU001404	0	0	0	0	0
OTU001406	0	0	0	0	0
OTU001410	0	0	0	0	0
OTU001418	0	0	0	0	0
OTU001422	0	0	0	0	0
OTU001425	0	0	0	0	0
OTU001426	0	0	0	0	0
OTU001428	0	0	0	0	0
OTU001435	0	0	0	0	0
OTU001439	0	0	0	0	0
OTU001452	0	0	0	0	0.0035
OTU001460	0	0	0	0	0
OTU001462	0	0	0	0	0
OTU001468	0	0	0	0	0
OTU001473	0	0	0	0	0.00177777777777778
OTU001475	0	0	0	0	0
OTU001490	0	0	0	0	0
OTU001492	0	0	0	0	0
OTU001496	0	0	0	0	0
OTU001500	0	0	0	0	0.00188235294117647
OTU001505	0	0	0	0	0
OTU001506	0	0	0	0	0
OTU001512	0	0	0	0	0.004875
OTU001525	0	0	0	0	0
OTU001537	0	0	0	0	0
OTU001538	0	0	0	0	0
OTU001544	0	0	0	0	0
OTU001549	0	0	0	0	0
OTU001554	0	0	0	0	0
OTU001564	0	0	0	0	0
OTU001566	0	0	0	0	0
OTU001570	0	0	0	0	0
OTU001588	0	0	0	0	0
OTU001594	0	0	0	0	0
OTU001597	0	0	0	0	0
OTU001607	0	0	0	0	0
OTU001608	0	0	0	0	0
OTU001626	0	0	0	0	0
OTU001629	0	0	0	0	0.001875
OTU001633	0	0	0	0	0
OTU001640	0	0	0	0	0
OTU001641	0	0	0	0	0
OTU001654	0	0	0	0	0.00188235294117647
OTU001657	0	0	0	0	0
OTU001663	0	0	0	0	0
OTU001667	0	0	0	0	0
OTU001671	0	0	0	0	0
OTU001697	0	0	0	0	0.00165454545454545
OTU001705	0	0	0	0	0
OTU001711	0	0	0	0	0
OTU001712	0	0	0	0	0
OTU001715	0	0	0	0	0.00188235294117647
OTU001724	0	0	0	0	0
OTU001728	0	0	0	0	0.0019
OTU000936	0	0	0	0	0
OTU000956	0	0	0	0	0
OTU000962	0	0	0	0	0
OTU000968	0	0	0	0	0
OTU001003	0	0	0	0	0
OTU001004	0	0	0	0	0
OTU001015	0	0	0	0	0
OTU001027	0	0	0	0	0
OTU001050	0	0	0	0	0
OTU001059	0	0	0	0	0.00373504273504274
OTU001073	0	0	0	0	0.00537777777777778
OTU001084	0	0	0	0	0
OTU001093	0	0	0	0	0
OTU001099	0	0	0	0	0
OTU001124	0	0	0	0	0
OTU001126	0	0	0	0	0
OTU001127	0	0	0	0	0
OTU001135	0	0	0	0	0
OTU001143	0	0	0	0	0
OTU001147	0	0	0	0	0
OTU001155	0	0	0	0	0
OTU001158	0	0	0	0	0.00189473684210526
OTU001163	0	0	0	0	0
OTU001168	0	0	0	0	0
OTU001171	0	0	0	0	0.00171428571428571
OTU001177	0	0	0	0	0
OTU001178	0	0	0	0	0
OTU001179	0	0	0	0	0
OTU001180	0	0	0	0	0
OTU001182	0	0	0	0	0
OTU001185	0	0	0	0	0.00160952380952381
OTU001189	0	0	0	0	0
OTU001192	0	0	0	0	0
OTU001195	0	0	0	0	0
OTU001206	0	0	0	0	0
OTU001208	0	0	0	0	0
OTU001209	0	0	0	0	0.00133333333333333
OTU001212	0	0	0	0	0
OTU001220	0	0	0	0	0.00184615384615385
OTU001231	0	0	0	0	0
OTU001240	0	0	0	0	0
OTU001241	0	0	0	0	0
OTU001242	0	0	0	0	0
OTU001244	0	0	0	0	0.00188888888888889
OTU001248	0	0	0	0	0
OTU001255	0	0	0	0	0
OTU001257	0	0	0	0	0
OTU001260	0	0	0	0	0
OTU001261	0	0	0	0	0
OTU001262	0	0	0	0	0
OTU001263	0	0	0	0	0
OTU001274	0	0	0	0	0
OTU001276	0	0	0	0	0
OTU001279	0	0	0	0	0
OTU001286	0	0	0	0	0
OTU001287	0	0	0	0	0
OTU001289	0	0	0	0	0
OTU001294	0	0	0	0	0
OTU001295	0	0	0	0	0
OTU001297	0	0	0	0	0
OTU001298	0	0	0	0	0
OTU001299	0	0	0	0	0
OTU001306	0	0	0	0	0
OTU001307	0	0	0	0	0.00581098901098901
OTU001310	0	0	0	0	0
OTU001311	0	0	0	0	0
OTU001316	0	0	0	0	0
OTU001323	0	0	0	0	0.00185714285714286
OTU001329	0	0	0	0	0
OTU001334	0	0	0	0	0
OTU001337	0	0	0	0	0
OTU001339	0	0	0	0	0
OTU001345	0	0	0	0	0
OTU001347	0	0	0	0	0
OTU001351	0	0	0	0	0
OTU001354	0	0	0	0	0
OTU001355	0	0	0	0	0
OTU001358	0	0	0	0	0
OTU001361	0	0	0	0	0.00181818181818182
OTU001362	0	0	0	0	0
OTU001365	0	0	0	0	0
OTU001367	0	0	0	0	0
OTU001371	0	0	0	0	0
OTU001373	0	0	0	0	0
OTU001378	0	0	0	0	0
OTU001381	0	0	0	0	0
OTU001382	0	0	0	0	0
OTU001389	0	0	0	0	0
OTU001397	0	0	0	0	0
OTU001398	0	0	0	0	0
OTU001402	0	0	0	0	0
OTU001405	0	0	0	0	0
OTU001407	0	0	0	0	0
OTU001408	0	0	0	0	0.0045
OTU001412	0	0	0	0	0
OTU001417	0	0	0	0	0
OTU001419	0	0	0	0	0
OTU001423	0	0	0	0	0.00506178582263121
OTU001424	0	0	0	0	0
OTU001431	0	0	0	0	0
OTU001437	0	0	0	0	0.0018
OTU001438	0	0	0	0	0.00190476190476191
OTU001440	0	0	0	0	0
OTU001441	0	0	0	0	0
OTU001442	0	0	0	0	0
OTU001443	0	0	0	0	0.00166666666666667
OTU001445	0	0	0	0	0
OTU001446	0	0	0	0	0.00185714285714286
OTU001447	0	0	0	0	0
OTU001448	0	0	0	0	0
OTU001449	0	0	0	0	0
OTU001451	0	0	0	0	0
OTU001453	0	0	0	0	0
OTU001454	0	0	0	0	0
OTU001455	0	0	0	0	0
OTU001456	0	0	0	0	0
OTU001458	0	0	0	0	0
OTU001459	0	0	0	0	0
OTU001461	0	0	0	0	0
OTU001463	0	0	0	0	0
OTU001466	0	0	0	0	0
OTU001469	0	0	0	0	0.00174285714285714
OTU001471	0	0	0	0	0
OTU001478	0	0	0	0	0
OTU001479	0	0	0	0	0
OTU001480	0	0	0	0	0
OTU001481	0	0	0	0	0
OTU001482	0	0	0	0	0
OTU001485	0	0	0	0	0
OTU001486	0	0	0	0	0
OTU001489	0	0	0	0	0
OTU001493	0	0	0	0	0
OTU001494	0	0	0	0	0
OTU001495	0	0	0	0	0
OTU001497	0	0	0	0	0.00494117647058824
OTU001503	0	0	0	0	0
OTU001504	0	0	0	0	0
OTU001507	0	0	0	0	0
OTU001510	0	0	0	0	0
OTU001513	0	0	0	0	0.00183333333333333
OTU001516	0	0	0	0	0.00183333333333333
OTU001517	0	0	0	0	0
OTU001520	0	0	0	0	0
OTU001522	0	0	0	0	0.00186666666666667
OTU001524	0	0	0	0	0
OTU001527	0	0	0	0	0
OTU001528	0	0	0	0	0
OTU001529	0	0	0	0	0
OTU001531	0	0	0	0	0
OTU001532	0	0	0	0	0
OTU001536	0	0	0	0	0
OTU001540	0	0	0	0	0
OTU001541	0	0	0	0	0
OTU001545	0	0	0	0	0
OTU001550	0	0	0	0	0
OTU001553	0	0	0	0	0
OTU001558	0	0	0	0	0
OTU001567	0	0	0	0	0
OTU001568	0	0	0	0	0
OTU001571	0	0	0	0	0.001
OTU001573	0	0	0	0	0
OTU001580	0	0	0	0	0
OTU001581	0	0	0	0	0
OTU001582	0	0	0	0	0.00271428571428571
OTU001583	0	0	0	0	0
OTU001584	0	0	0	0	0
OTU001585	0	0	0	0	0
OTU001587	0	0	0	0	0
OTU001589	0	0	0	0	0
OTU001593	0	0	0	0	0.00357651515151515
OTU001598	0	0	0	0	0
OTU001599	0	0	0	0	0
OTU001601	0	0	0	0	0
OTU001602	0	0	0	0	0
OTU001603	0	0	0	0	0.00177777777777778
OTU001605	0	0	0	0	0
OTU001610	0	0	0	0	0
OTU001614	0	0	0	0	0
OTU001616	0	0	0	0	0
OTU001617	0	0	0	0	0
OTU001619	0	0	0	0	0
OTU001621	0	0	0	0	0
OTU001630	0	0	0	0	0
OTU001637	0	0	0	0	0
OTU001642	0	0	0	0	0
OTU001644	0	0	0	0	0.0018
OTU001655	0	0	0	0	0
OTU001658	0	0	0	0	0
OTU001661	0	0	0	0	0
OTU001665	0	0	0	0	0
OTU001668	0	0	0	0	0.00175
OTU001670	0	0	0	0	0
OTU001672	0	0	0	0	0
OTU001673	0	0	0	0	0
OTU001676	0	0	0	0	0
OTU001677	0	0	0	0	0
OTU001679	0	0	0	0	0
OTU001680	0	0	0	0	0.0016
OTU001681	0	0	0	0	0
OTU001682	0	0	0	0	0
OTU001684	0	0	0	0	0
OTU001685	0	0	0	0	0.00158241758241758
OTU001686	0	0	0	0	0
OTU001687	0	0	0	0	0.00548058783321941
OTU001690	0	0	0	0	0
OTU001691	0	0	0	0	0.002
OTU001696	0	0	0	0	0.0051
OTU001698	0	0	0	0	0
OTU001699	0	0	0	0	0
OTU001700	0	0	0	0	0.00177777777777778
OTU001704	0	0	0	0	0
OTU001706	0	0	0	0	0
OTU001716	0	0	0	0	0
OTU001717	0	0	0	0	0
OTU001718	0	0	0	0	0
OTU001719	0	0	0	0	0
OTU001723	0	0	0	0	0
OTU001725	0	0	0	0	0
OTU001726	0	0	0	0	0
OTU001730	0	0	0	0	0
OTU001738	0	0	0	0	0.00184615384615385
OTU001739	0	0	0	0	0
OTU001741	0	0	0	0	0
OTU001743	0	0	0	0	0
OTU001745	0	0	0	0	0.00186666666666667
OTU001747	0	0	0	0	0
OTU001748	0	0	0	0	0
OTU001751	0	0	0	0	0
OTU001753	0	0	0	0	0
OTU001755	0	0	0	0	0
OTU001756	0	0	0	0	0
OTU001757	0	0	0	0	0
OTU001758	0	0	0	0	0
OTU001764	0	0	0	0	0
OTU001765	0	0	0	0	0
OTU001767	0	0	0	0	0
OTU001769	0	0	0	0	0.00171428571428571
OTU001770	0	0	0	0	0
OTU001772	0	0	0	0	0.002
OTU001774	0	0	0	0	0.00186666666666667
OTU001776	0	0	0	0	0.00167320261437908
OTU001779	0	0	0	0	0.0015
OTU001782	0	0	0	0	0
OTU001783	0	0	0	0	0
OTU001786	0	0	0	0	0
OTU001790	0	0	0	0	0
OTU001791	0	0	0	0	0
OTU001793	0	0	0	0	0.00471428571428571
OTU001796	0	0	0	0	0
OTU001798	0	0	0	0	0
OTU001803	0	0	0	0	0
OTU001814	0	0	0	0	0.00272222222222222
OTU001818	0	0	0	0	0
OTU001819	0	0	0	0	0
OTU001820	0	0	0	0	0
OTU001824	0	0	0	0	0
OTU001826	0	0	0	0	0.00795121349238996
OTU001835	0	0	0	0	0
OTU001838	0	0	0	0	0
OTU001842	0	0	0	0	0
OTU001844	0	0	0	0	0
OTU001845	0	0	0	0	0
OTU001854	0	0	0	0	0
OTU001858	0	0	0	0	0
OTU001859	0	0	0	0	0
OTU001866	0	0	0	0	0
OTU001870	0	0	0	0	0.00188235294117647
OTU001878	0	0	0	0	0
OTU001881	0	0	0	0	0.00377976190476191
OTU001882	0	0	0	0	0
OTU001891	0	0	0	0	0
OTU001896	0	0	0	0	0
OTU001898	0	0	0	0	0
OTU001902	0	0	0	0	0
OTU001907	0	0	0	0	0
OTU001909	0	0	0	0	0
OTU001911	0	0	0	0	0
OTU001914	0	0	0	0	0
OTU001915	0	0	0	0	0
OTU001916	0	0	0	0	0
OTU001919	0	0	0	0	0
OTU001923	0	0	0	0	0
OTU001925	0	0	0	0	0.00171904761904762
OTU001929	0	0	0	0	0.0016
OTU001931	0	0	0	0	0
OTU001934	0	0	0	0	0
OTU001939	0	0	0	0	0
OTU001946	0	0	0	0	0
OTU001957	0	0	0	0	0
OTU001959	0	0	0	0	0
OTU001961	0	0	0	0	0
OTU001962	0	0	0	0	0
OTU001966	0	0	0	0	0.00373949579831933
OTU001967	0	0	0	0	0
OTU001969	0	0	0	0	0
OTU001971	0	0	0	0	0
OTU001973	0	0	0	0	0
OTU001979	0	0	0	0	0
OTU001980	0	0	0	0	0
OTU001984	0	0	0	0	0
OTU001988	0	0	0	0	0
OTU001990	0	0	0	0	0
OTU001994	0	0	0	0	0.00181818181818182
OTU001995	0	0	0	0	0
OTU001997	0	0	0	0	0
OTU002000	0	0	0	0	0.0016
OTU002004	0	0	0	0	0
OTU002007	0	0	0	0	0.00367948717948718
OTU002009	0	0	0	0	0
OTU002011	0	0	0	0	0
OTU002012	0	0	0	0	0
OTU002014	0	0	0	0	0
OTU002021	0	0	0	0	0.00177777777777778
OTU002024	0	0	0	0	0
OTU002026	0	0	0	0	0
OTU002027	0	0	0	0	0
OTU002032	0	0	0	0	0
OTU002037	0	0	0	0	0
OTU002044	0	0	0	0	0
OTU002050	0	0	0	0	0
OTU002051	0	0	0	0	0
OTU002054	0	0	0	0	0
OTU002055	0	0	0	0	0
OTU002063	0	0	0	0	0
OTU002065	0	0	0	0	0.001
OTU002074	0	0	0	0	0
OTU002075	0	0	0	0	0
OTU002083	0	0	0	0	0
OTU002086	0	0	0	0	0
OTU002088	0	0	0	0	0
OTU002097	0	0	0	0	0
OTU002100	0	0	0	0	0
OTU002106	0	0	0	0	0
OTU002110	0	0	0	0	0
OTU002119	0	0	0	0	0
OTU002124	0	0	0	0	0
OTU002126	0	0	0	0	0
OTU002129	0	0	0	0	0
OTU002133	0	0	0	0	0
OTU002135	0	0	0	0	0
OTU002136	0	0	0	0	0
OTU002137	0	0	0	0	0
OTU002144	0	0	0	0	0.0018
OTU002145	0	0	0	0	0
OTU002147	0	0	0	0	0.00185714285714286
OTU002151	0	0	0	0	0
OTU002152	0	0	0	0	0
OTU002154	0	0	0	0	0
OTU002155	0	0	0	0	0
OTU002160	0	0	0	0	0
OTU002161	0	0	0	0	0
OTU002164	0	0	0	0	0
OTU002165	0	0	0	0	0.00521739130434782
OTU002168	0	0	0	0	0
OTU002169	0	0	0	0	0
OTU002176	0	0	0	0	0
OTU002179	0	0	0	0	0
OTU002182	0	0	0	0	0
OTU002189	0	0	0	0	0
OTU002192	0	0	0	0	0.00367948717948718
OTU002194	0	0	0	0	0
OTU002197	0	0	0	0	0.00233333333333333
OTU002198	0	0	0	0	0.00188235294117647
OTU002200	0	0	0	0	0
OTU002205	0	0	0	0	0
OTU002206	0	0	0	0	0
OTU002211	0	0	0	0	0
OTU002212	0	0	0	0	0
OTU002213	0	0	0	0	0
OTU002217	0	0	0	0	0
OTU002220	0	0	0	0	0
OTU002224	0	0	0	0	0
OTU002229	0	0	0	0	0
OTU002233	0	0	0	0	0
OTU002237	0	0	0	0	0
OTU002242	0	0	0	0	0.00342857142857143
OTU002246	0	0	0	0	0.001
OTU002251	0	0	0	0	0
OTU002253	0	0	0	0	0
OTU002255	0	0	0	0	0
OTU002256	0	0	0	0	0.00365098039215686
OTU002258	0	0	0	0	0
OTU002259	0	0	0	0	0.0035
OTU002260	0	0	0	0	0
OTU002263	0	0	0	0	0
OTU002268	0	0	0	0	0
OTU002269	0	0	0	0	0
OTU002275	0	0	0	0	0
OTU002279	0	0	0	0	0.00350952380952381
OTU002282	0	0	0	0	0
OTU002286	0	0	0	0	0
OTU002289	0	0	0	0	0
OTU002293	0	0	0	0	0
OTU002295	0	0	0	0	0
OTU002301	0	0	0	0	0
OTU002302	0	0	0	0	0
OTU002303	0	0	0	0	0.00186666666666667
OTU002304	0	0	0	0	0
OTU002307	0	0	0	0	0.0016
OTU002313	0	0	0	0	0
OTU002316	0	0	0	0	0
OTU002317	0	0	0	0	0
OTU002320	0	0	0	0	0.001
OTU002325	0	0	0	0	0
OTU002326	0	0	0	0	0
OTU002332	0	0	0	0	0
OTU002334	0	0	0	0	0
OTU002344	0	0	0	0	0
OTU002345	0	0	0	0	0
OTU002346	0	0	0	0	0.0018
OTU002348	0	0	0	0	0.00457450980392157
OTU002349	0	0	0	0	0
OTU002362	0	0	0	0	0
OTU002363	0	0	0	0	0
OTU002367	0	0	0	0	0
OTU002371	0	0	0	0	0
OTU002375	0	0	0	0	0.001
OTU002385	0	0	0	0	0
OTU002387	0	0	0	0	0.00188888888888889
OTU002388	0	0	0	0	0.001
OTU002398	0	0	0	0	0
OTU002399	0	0	0	0	0
OTU002400	0	0	0	0	0
OTU002401	0	0	0	0	0
OTU002403	0	0	0	0	0
OTU002406	0	0	0	0	0
OTU002409	0	0	0	0	0
OTU002411	0	0	0	0	0
OTU002415	0	0	0	0	0
OTU002416	0	0	0	0	0
OTU002418	0	0	0	0	0
OTU002421	0	0	0	0	0
OTU002424	0	0	0	0	0.001
OTU002427	0	0	0	0	0.00181818181818182
OTU002431	0	0	0	0	0
OTU002438	0	0	0	0	0
OTU002441	0	0	0	0	0
OTU002443	0	0	0	0	0
OTU002445	0	0	0	0	0.001875
OTU002447	0	0	0	0	0.00188888888888889
OTU002449	0	0	0	0	0
OTU002453	0	0	0	0	0
OTU002458	0	0	0	0	0.00333333333333333
OTU002462	0	0	0	0	0.00167320261437908
OTU002466	0	0	0	0	0
OTU002468	0	0	0	0	0
OTU002469	0	0	0	0	0
OTU002470	0	0	0	0	0
OTU002472	0	0	0	0	0.001
OTU002474	0	0	0	0	0
OTU002476	0	0	0	0	0
OTU002481	0	0	0	0	0
OTU002485	0	0	0	0	0
OTU002486	0	0	0	0	0
OTU002487	0	0	0	0	0
OTU002489	0	0	0	0	0
OTU002490	0	0	0	0	0
OTU002494	0	0	0	0	0.0018
OTU001002	0	0	0	0	0.00177777777777778
OTU001130	0	0	0	0	0
OTU001149	0	0	0	0	0
OTU001157	0	0	0	0	0
OTU001164	0	0	0	0	0
OTU001181	0	0	0	0	0
OTU001199	0	0	0	0	0
OTU001201	0	0	0	0	0
OTU001210	0	0	0	0	0
OTU001213	0	0	0	0	0
OTU001216	0	0	0	0	0
OTU001217	0	0	0	0	0
OTU001234	0	0	0	0	0
OTU001238	0	0	0	0	0
OTU001239	0	0	0	0	0
OTU001251	0	0	0	0	0
OTU001264	0	0	0	0	0
OTU001270	0	0	0	0	0
OTU001280	0	0	0	0	0
OTU001283	0	0	0	0	0
OTU001284	0	0	0	0	0.0015
OTU001290	0	0	0	0	0
OTU001292	0	0	0	0	0
OTU001302	0	0	0	0	0
OTU001312	0	0	0	0	0
OTU001319	0	0	0	0	0
OTU001321	0	0	0	0	0
OTU001325	0	0	0	0	0
OTU001330	0	0	0	0	0
OTU001332	0	0	0	0	0
OTU001341	0	0	0	0	0
OTU001343	0	0	0	0	0.00188235294117647
OTU001346	0	0	0	0	0
OTU001359	0	0	0	0	0.00184615384615385
OTU001368	0	0	0	0	0
OTU001369	0	0	0	0	0
OTU001370	0	0	0	0	0
OTU001376	0	0	0	0	0
OTU001384	0	0	0	0	0
OTU001385	0	0	0	0	0
OTU001386	0	0	0	0	0
OTU001388	0	0	0	0	0
OTU001394	0	0	0	0	0
OTU001395	0	0	0	0	0
OTU001403	0	0	0	0	0
OTU001409	0	0	0	0	0
OTU001415	0	0	0	0	0
OTU001420	0	0	0	0	0
OTU001421	0	0	0	0	0
OTU001429	0	0	0	0	0
OTU001432	0	0	0	0	0.0018
OTU001444	0	0	0	0	0
OTU001450	0	0	0	0	0.00175
OTU001457	0	0	0	0	0
OTU001464	0	0	0	0	0
OTU001465	0	0	0	0	0
OTU001470	0	0	0	0	0
OTU001472	0	0	0	0	0
OTU001476	0	0	0	0	0
OTU001483	0	0	0	0	0.001
OTU001484	0	0	0	0	0
OTU001491	0	0	0	0	0
OTU001499	0	0	0	0	0
OTU001501	0	0	0	0	0
OTU001508	0	0	0	0	0
OTU001509	0	0	0	0	0.0018
OTU001511	0	0	0	0	0
OTU001514	0	0	0	0	0
OTU001518	0	0	0	0	0.00293055555555556
OTU001519	0	0	0	0	0
OTU001521	0	0	0	0	0
OTU001526	0	0	0	0	0
OTU001530	0	0	0	0	0
OTU001535	0	0	0	0	0
OTU001539	0	0	0	0	0
OTU001542	0	0	0	0	0
OTU001543	0	0	0	0	0
OTU001546	0	0	0	0	0
OTU001547	0	0	0	0	0
OTU001551	0	0	0	0	0
OTU001552	0	0	0	0	0
OTU001555	0	0	0	0	0
OTU001556	0	0	0	0	0
OTU001560	0	0	0	0	0
OTU001562	0	0	0	0	0
OTU001569	0	0	0	0	0
OTU001572	0	0	0	0	0
OTU001574	0	0	0	0	0
OTU001576	0	0	0	0	0
OTU001578	0	0	0	0	0
OTU001579	0	0	0	0	0
OTU001586	0	0	0	0	0
OTU001591	0	0	0	0	0
OTU001592	0	0	0	0	0
OTU001595	0	0	0	0	0
OTU001596	0	0	0	0	0
OTU001600	0	0	0	0	0.0016
OTU001604	0	0	0	0	0
OTU001606	0	0	0	0	0
OTU001609	0	0	0	0	0
OTU001612	0	0	0	0	0.00451764705882353
OTU001615	0	0	0	0	0
OTU001618	0	0	0	0	0
OTU001620	0	0	0	0	0
OTU001622	0	0	0	0	0
OTU001625	0	0	0	0	0
OTU001632	0	0	0	0	0
OTU001634	0	0	0	0	0
OTU001635	0	0	0	0	0
OTU001639	0	0	0	0	0
OTU001643	0	0	0	0	0.0016
OTU001646	0	0	0	0	0
OTU001648	0	0	0	0	0
OTU001650	0	0	0	0	0.0035
OTU001651	0	0	0	0	0.0018
OTU001656	0	0	0	0	0
OTU001660	0	0	0	0	0
OTU001666	0	0	0	0	0
OTU001674	0	0	0	0	0
OTU001675	0	0	0	0	0
OTU001683	0	0	0	0	0
OTU001692	0	0	0	0	0
OTU001693	0	0	0	0	0
OTU001701	0	0	0	0	0
OTU001702	0	0	0	0	0
OTU001703	0	0	0	0	0.00175
OTU001707	0	0	0	0	0
OTU001708	0	0	0	0	0
OTU001709	0	0	0	0	0
OTU001710	0	0	0	0	0
OTU001713	0	0	0	0	0
OTU001720	0	0	0	0	0
OTU001721	0	0	0	0	0
OTU001727	0	0	0	0	0
OTU001731	0	0	0	0	0
OTU001733	0	0	0	0	0
OTU001734	0	0	0	0	0.00171428571428571
OTU001737	0	0	0	0	0
OTU001740	0	0	0	0	0
OTU001749	0	0	0	0	0
OTU001750	0	0	0	0	0
OTU001752	0	0	0	0	0
OTU001759	0	0	0	0	0
OTU001760	0	0	0	0	0
OTU001773	0	0	0	0	0
OTU001775	0	0	0	0	0
OTU001780	0	0	0	0	0
OTU001785	0	0	0	0	0
OTU001787	0	0	0	0	0
OTU001788	0	0	0	0	0.00181818181818182
OTU001789	0	0	0	0	0
OTU001792	0	0	0	0	0
OTU001794	0	0	0	0	0
OTU001797	0	0	0	0	0
OTU001800	0	0	0	0	0
OTU001802	0	0	0	0	0
OTU001804	0	0	0	0	0
OTU001807	0	0	0	0	0
OTU001809	0	0	0	0	0
OTU001810	0	0	0	0	0.00185714285714286
OTU001812	0	0	0	0	0
OTU001816	0	0	0	0	0
OTU001817	0	0	0	0	0
OTU001822	0	0	0	0	0
OTU001825	0	0	0	0	0
OTU001827	0	0	0	0	0
OTU001829	0	0	0	0	0
OTU001832	0	0	0	0	0
OTU001834	0	0	0	0	0
OTU001837	0	0	0	0	0
OTU001839	0	0	0	0	0
OTU001840	0	0	0	0	0
OTU001841	0	0	0	0	0
OTU001843	0	0	0	0	0
OTU001847	0	0	0	0	0
OTU001849	0	0	0	0	0
OTU001850	0	0	0	0	0
OTU001851	0	0	0	0	0
OTU001856	0	0	0	0	0
OTU001857	0	0	0	0	0.00512941176470588
OTU001860	0	0	0	0	0
OTU001861	0	0	0	0	0
OTU001863	0	0	0	0	0.00188235294117647
OTU001864	0	0	0	0	0
OTU001865	0	0	0	0	0
OTU001867	0	0	0	0	0
OTU001868	0	0	0	0	0
OTU001869	0	0	0	0	0
OTU001873	0	0	0	0	0.0016
OTU001874	0	0	0	0	0
OTU001876	0	0	0	0	0
OTU001880	0	0	0	0	0
OTU001883	0	0	0	0	0
OTU001885	0	0	0	0	0
OTU001888	0	0	0	0	0
OTU001889	0	0	0	0	0
OTU001890	0	0	0	0	0
OTU001892	0	0	0	0	0
OTU001893	0	0	0	0	0
OTU001894	0	0	0	0	0.00175
OTU001895	0	0	0	0	0
OTU001899	0	0	0	0	0
OTU001901	0	0	0	0	0
OTU001903	0	0	0	0	0
OTU001904	0	0	0	0	0
OTU001905	0	0	0	0	0
OTU001910	0	0	0	0	0
OTU001912	0	0	0	0	0
OTU001913	0	0	0	0	0
OTU001917	0	0	0	0	0
OTU001918	0	0	0	0	0
OTU001920	0	0	0	0	0.00181818181818182
OTU001921	0	0	0	0	0
OTU001924	0	0	0	0	0
OTU001926	0	0	0	0	0.00172527472527472
OTU001930	0	0	0	0	0
OTU001932	0	0	0	0	0.00327272727272727
OTU001933	0	0	0	0	0
OTU001935	0	0	0	0	0.0015
OTU001936	0	0	0	0	0
OTU001941	0	0	0	0	0
OTU001942	0	0	0	0	0
OTU001943	0	0	0	0	0.0016
OTU001944	0	0	0	0	0
OTU001945	0	0	0	0	0
OTU001949	0	0	0	0	0.00186666666666667
OTU001950	0	0	0	0	0
OTU001951	0	0	0	0	0.00184615384615385
OTU001952	0	0	0	0	0
OTU001953	0	0	0	0	0
OTU001954	0	0	0	0	0
OTU001956	0	0	0	0	0
OTU001958	0	0	0	0	0
OTU001960	0	0	0	0	0
OTU001963	0	0	0	0	0
OTU001965	0	0	0	0	0
OTU001974	0	0	0	0	0
OTU001975	0	0	0	0	0
OTU001976	0	0	0	0	0
OTU001977	0	0	0	0	0
OTU001981	0	0	0	0	0
OTU001982	0	0	0	0	0
OTU001983	0	0	0	0	0
OTU001985	0	0	0	0	0.001
OTU001991	0	0	0	0	0
OTU001993	0	0	0	0	0.001
OTU001996	0	0	0	0	0.00310489510489511
OTU001999	0	0	0	0	0
OTU002003	0	0	0	0	0
OTU002006	0	0	0	0	0
OTU002008	0	0	0	0	0
OTU002010	0	0	0	0	0
OTU002013	0	0	0	0	0
OTU002015	0	0	0	0	0
OTU002016	0	0	0	0	0
OTU002018	0	0	0	0	0
OTU002020	0	0	0	0	0.003125
OTU002025	0	0	0	0	0.00352941176470588
OTU002029	0	0	0	0	0
OTU002030	0	0	0	0	0.0032
OTU002031	0	0	0	0	0
OTU002033	0	0	0	0	0.0024
OTU002034	0	0	0	0	0
OTU002036	0	0	0	0	0
OTU002038	0	0	0	0	0
OTU002039	0	0	0	0	0
OTU002041	0	0	0	0	0.0019
OTU002042	0	0	0	0	0
OTU002046	0	0	0	0	0
OTU002049	0	0	0	0	0
OTU002052	0	0	0	0	0
OTU002056	0	0	0	0	0
OTU002057	0	0	0	0	0
OTU002058	0	0	0	0	0
OTU002059	0	0	0	0	0
OTU002061	0	0	0	0	0
OTU002064	0	0	0	0	0
OTU002066	0	0	0	0	0
OTU002067	0	0	0	0	0
OTU002068	0	0	0	0	0.00177777777777778
OTU002069	0	0	0	0	0
OTU002070	0	0	0	0	0
OTU002077	0	0	0	0	0
OTU002078	0	0	0	0	0
OTU002079	0	0	0	0	0
OTU002080	0	0	0	0	0.00169281045751634
OTU002081	0	0	0	0	0
OTU002087	0	0	0	0	0.00496666666666667
OTU002090	0	0	0	0	0
OTU002093	0	0	0	0	0.00163333333333333
OTU002095	0	0	0	0	0
OTU002099	0	0	0	0	0
OTU002102	0	0	0	0	0
OTU002103	0	0	0	0	0
OTU002105	0	0	0	0	0
OTU002108	0	0	0	0	0
OTU002109	0	0	0	0	0.0015
OTU002111	0	0	0	0	0
OTU002113	0	0	0	0	0
OTU002114	0	0	0	0	0
OTU002115	0	0	0	0	0
OTU002116	0	0	0	0	0
OTU002117	0	0	0	0	0
OTU002118	0	0	0	0	0.0019
OTU002122	0	0	0	0	0
OTU002125	0	0	0	0	0
OTU002128	0	0	0	0	0
OTU002130	0	0	0	0	0
OTU002139	0	0	0	0	0.00188888888888889
OTU002143	0	0	0	0	0
OTU002149	0	0	0	0	0
OTU002150	0	0	0	0	0
OTU002157	0	0	0	0	0
OTU002158	0	0	0	0	0
OTU002159	0	0	0	0	0
OTU002162	0	0	0	0	0
OTU002163	0	0	0	0	0
OTU002167	0	0	0	0	0
OTU002171	0	0	0	0	0
OTU002175	0	0	0	0	0
OTU002177	0	0	0	0	0
OTU002180	0	0	0	0	0
OTU002184	0	0	0	0	0
OTU002185	0	0	0	0	0
OTU002186	0	0	0	0	0
OTU002191	0	0	0	0	0
OTU002196	0	0	0	0	0
OTU002201	0	0	0	0	0
OTU002207	0	0	0	0	0
OTU002208	0	0	0	0	0
OTU002209	0	0	0	0	0
OTU002210	0	0	0	0	0
OTU002214	0	0	0	0	0
OTU002215	0	0	0	0	0
OTU002221	0	0	0	0	0
OTU002223	0	0	0	0	0
OTU002226	0	0	0	0	0
OTU002228	0	0	0	0	0
OTU002230	0	0	0	0	0
OTU002231	0	0	0	0	0
OTU002232	0	0	0	0	0
OTU002235	0	0	0	0	0
OTU002238	0	0	0	0	0
OTU002239	0	0	0	0	0
OTU002241	0	0	0	0	0
OTU002243	0	0	0	0	0
OTU002244	0	0	0	0	0
OTU002248	0	0	0	0	0
OTU002261	0	0	0	0	0.00188235294117647
OTU002267	0	0	0	0	0
OTU002270	0	0	0	0	0.0024
OTU002271	0	0	0	0	0
OTU002277	0	0	0	0	0
OTU002278	0	0	0	0	0
OTU002280	0	0	0	0	0
OTU002281	0	0	0	0	0
OTU002285	0	0	0	0	0
OTU002292	0	0	0	0	0
OTU002298	0	0	0	0	0
OTU002306	0	0	0	0	0
OTU002308	0	0	0	0	0
OTU002311	0	0	0	0	0
OTU002314	0	0	0	0	0
OTU002322	0	0	0	0	0
OTU002324	0	0	0	0	0
OTU002328	0	0	0	0	0
OTU002330	0	0	0	0	0
OTU002331	0	0	0	0	0
OTU002338	0	0	0	0	0
OTU002339	0	0	0	0	0
OTU002340	0	0	0	0	0
OTU002351	0	0	0	0	0
OTU002352	0	0	0	0	0
OTU002357	0	0	0	0	0
OTU002358	0	0	0	0	0
OTU002360	0	0	0	0	0
OTU002361	0	0	0	0	0
OTU002364	0	0	0	0	0
OTU002365	0	0	0	0	0
OTU002366	0	0	0	0	0
OTU002368	0	0	0	0	0.0017953216374269
OTU002374	0	0	0	0	0
OTU002376	0	0	0	0	0
OTU002378	0	0	0	0	0
OTU002379	0	0	0	0	0
OTU002381	0	0	0	0	0.00151515151515152
OTU002383	0	0	0	0	0
OTU002390	0	0	0	0	0
OTU002392	0	0	0	0	0
OTU002393	0	0	0	0	0
OTU002394	0	0	0	0	0
OTU002395	0	0	0	0	0
OTU002397	0	0	0	0	0
OTU002404	0	0	0	0	0
OTU002408	0	0	0	0	0
OTU002412	0	0	0	0	0
OTU002413	0	0	0	0	0
OTU002423	0	0	0	0	0
OTU002428	0	0	0	0	0
OTU002429	0	0	0	0	0
OTU002432	0	0	0	0	0
OTU002435	0	0	0	0	0
OTU002437	0	0	0	0	0.0037037037037037
OTU002452	0	0	0	0	0
OTU002455	0	0	0	0	0
OTU002457	0	0	0	0	0
OTU002463	0	0	0	0	0
OTU002473	0	0	0	0	0
OTU002475	0	0	0	0	0
OTU002477	0	0	0	0	0
OTU002478	0	0	0	0	0
OTU002479	0	0	0	0	0
OTU002480	0	0	0	0	0.00181428571428572
OTU002482	0	0	0	0	0.00188235294117647
OTU002483	0	0	0	0	0
OTU002491	0	0	0	0	0
OTU002495	0	0	0	0	0
OTU002497	0	0	0	0	0
OTU002499	0	0	0	0	0
OTU002503	0	0	0	0	0
OTU002504	0	0	0	0	0
OTU000583	0	0	3.33333333333334e-05	-3.26797385620915e-06	0.00460714285714286
OTU000252	-0.000166666666666667	0	0.000166666666666667	-4.16666666666667e-06	0.0158479034690799
OTU000735	0	0	-5e-05	-6.94444444444445e-06	0.0148213161107898
OTU000117	0.00025	0	-0.000283333333333333	-7.14285714285715e-06	0.00718939393939394
OTU001096	-2e-04	0	0.000166666666666667	-8.92857142857142e-06	0.0193976608187134
OTU000102	0.000166666666666667	-2e-04	0	-1.02564102564103e-05	0.0251634962406015
OTU000595	5.55555555555556e-05	-8.33333333333333e-05	-0.00175	-2.59426847662142e-05	0.042085938228616
OTU000226	-0.000166666666666667	2e-04	-2e-04	-3.10457516339869e-05	0.00860526315789473
OTU000152	0	0	-0.000166666666666667	-5e-05	0.00868666666666667
OTU000667	0	0	-2e-04	-5.26315789473684e-05	0.00190909090909091
OTU000451	-0.00045	2e-04	0.00025	-5.33290239172592e-05	0.0284375381417389
OTU000342	0	0	-0.00025	-5.88235294117647e-05	0.00597863247863248
OTU000531	0	-0.000125	0	-5.88235294117647e-05	0.00525128205128205
OTU000597	0	-0.000142857142857143	0	-5.88235294117647e-05	0.00285714285714286
OTU000749	-0.000166666666666667	0	0	-5.88235294117647e-05	0.00433333333333334
OTU000215	0	0	-0.00025	-6.25e-05	0.00763214285714286
OTU000251	0	-0.000166666666666667	0	-6.25e-05	0.0116166666666667
OTU000463	0	-0.000166666666666667	0	-6.25e-05	0.001
OTU000399	0	0	-0.000333333333333333	-6.25e-05	0.00166666666666667
OTU000448	0	0	-2e-04	-6.25e-05	0.00826594516594517
OTU000478	0	-2e-04	0	-6.25e-05	0.00363246753246754
OTU000503	-2e-04	0	0	-6.25e-05	0.00526987179487179
OTU000529	0	0	-0.00025	-6.25e-05	0.00136111111111111
OTU000601	-0.000111111111111111	0	0	-6.25e-05	0.00188888888888889
OTU000733	0	0	-2e-04	-6.25e-05	0.001
OTU000730	0	0	-0.000333333333333333	-6.25e-05	0.00555384615384615
OTU000245	-0.00030952380952381	0.000507936507936508	-0.000583333333333333	-6.45550527903469e-05	0.0163492527080762
OTU000258	-5e-04	0	5e-04	-6.59340659340659e-05	0.00681666666666667
OTU000540	0	0	-0.00025	-6.66666666666667e-05	0.00496071428571429
OTU000143	0	0	-0.001	-6.66666666666667e-05	0.00776942355889724
OTU000182	0	-7.5e-05	-0.001	-6.66666666666667e-05	0.0120233511586453
OTU000306	0	-0.000125	0	-6.66666666666667e-05	0.00354117647058824
OTU000580	0	-0.000125	0	-6.66666666666667e-05	0.0071
OTU000728	0	0	-5e-04	-6.66666666666667e-05	0.0026
OTU000783	-0.00025	0	0	-6.66666666666667e-05	0.00188235294117647
OTU000844	-2e-04	0	0	-6.66666666666667e-05	0.00177205882352941
OTU000813	0	-0.000166666666666667	0	-6.66666666666667e-05	0.00338888888888889
OTU000971	0	-0.000142857142857143	0	-6.66666666666667e-05	0.00334308300395257
OTU000876	-0.000125	0	0	-6.66666666666667e-05	0.00190476190476191
OTU000383	-2.38095238095238e-05	0	-0.00025	-6.77521008403361e-05	0.00929318681318681
OTU000101	0	-2e-04	0	-7.14285714285714e-05	0.0277551892551893
OTU000227	-2e-04	0	0	-7.14285714285714e-05	0.0128083333333333
OTU000465	0	0	-2e-04	-7.14285714285714e-05	0.00341666666666667
OTU000293	-0.000333333333333333	0	-0.00075	-7.14285714285714e-05	0.00433963585434174
OTU000547	0	0	-0.000166666666666667	-7.14285714285714e-05	0.00451935646053293
OTU000951	0	-0.00025	0	-7.14285714285714e-05	0.00504444444444444
OTU000860	0	0	-0.000166666666666667	-7.14285714285714e-05	0.00166666666666667
OTU001082	0	-0.00025	0	-7.14285714285714e-05	0.001
OTU000254	-5e-04	0.000166666666666667	-0.00025	-7.21611721611721e-05	0.0157644444444444
OTU000096	-0.000166666666666667	0	0	-7.69230769230769e-05	0.0304048341754864
OTU000121	-0.000166666666666667	0	0	-7.69230769230769e-05	0.00757705627705628
OTU000198	0	-0.000125	0	-7.69230769230769e-05	0.00429615384615385
OTU000488	0	0	-0.00025	-7.69230769230769e-05	0.00278571428571429
OTU000698	-0.000142857142857143	0	0	-7.69230769230769e-05	0.00469115095430885
OTU000949	0	0	-5e-04	-7.69230769230769e-05	0.00413690476190476
OTU001070	0	-0.00025	0	-7.69230769230769e-05	0.00183333333333333
OTU000116	0.00020952380952381	0	-0.000916666666666667	-7.78657616892911e-05	0.0294576990239351
OTU000086	-0.000166666666666667	0.000341666666666667	0.000566666666666667	-7.80695611577964e-05	0.0731237532111795
OTU000066	-8.57142857142857e-05	0	0	-8.03571428571429e-05	0.0029
OTU000103	0.000333333333333333	0.000166666666666667	-0.00075	-8.33333333333333e-05	0.00798683261183261
OTU000276	0	-0.000142857142857143	0	-8.33333333333333e-05	0.00709290709290709
OTU000359	-2e-04	0	0	-8.33333333333333e-05	0.00940601503759399
OTU000425	0	0	-0.000333333333333333	-8.33333333333333e-05	0.00771794871794872
OTU000473	0	-0.000166666666666667	0	-8.33333333333333e-05	0.0169784946236559
OTU000606	0	0	-0.000333333333333333	-8.33333333333333e-05	0.00483333333333333
OTU000609	-5e-04	0	0	-8.33333333333333e-05	0.00341111111111111
OTU000709	0	0	-0.00025	-8.33333333333333e-05	0.002875
OTU000870	-0.00025	0	0	-8.33333333333333e-05	0.00385714285714286
OTU000958	0	0	-0.000333333333333333	-8.33333333333333e-05	0.00175
OTU000987	0	0	-0.00025	-8.33333333333333e-05	0.00337179487179487
OTU000386	-0.000166666666666667	5e-04	-0.000333333333333333	-9.09090909090909e-05	0.00913484848484848
OTU000389	0	0	-5e-04	-9.09090909090909e-05	0.00183333333333333
OTU000490	-0.000166666666666667	0	0	-9.09090909090909e-05	0.00835555555555556
OTU000628	-0.000166666666666667	0	0	-9.09090909090909e-05	0.0048
OTU000341	-0.000208333333333333	0	0.00025	-9.66386554621849e-05	0.0229584179389806
OTU000314	-2e-04	0	-3e-04	-0.000105042016806723	0.0191108984582669
OTU000253	0	0	-4e-04	-0.000111111111111111	0.0100059829059829
OTU000428	-0.000166666666666667	0	-0.00019047619047619	-0.000113122171945701	0.0216082862954488
OTU000438	0	-0.000166666666666667	-0.000333333333333333	-0.000117647058823529	0.0065952380952381
OTU000353	-0.000333333333333333	2e-04	-0.000116666666666667	-0.000120833333333333	0.0214495416348358
OTU000618	-0.000142857142857143	0	-0.000333333333333333	-0.000125	0.00346666666666667
OTU000561	-0.000111111111111111	0	-0.000333333333333333	-0.000125	0.00551515151515152
OTU000199	-0.000166666666666667	-0.000142857142857143	0	-0.000125490196078431	0.0198045454545455
OTU000945	0	0	-0.000416666666666667	-0.000125490196078431	0.00706417112299465
OTU000056	0.000366666666666667	-2.38095238095238e-05	-9e-04	-0.000129166666666667	0.0432110521662246
OTU000542	0	-0.00025	-2e-04	-0.000129166666666667	0.00856876456876457
OTU000878	0	-0.000342857142857143	0	-0.000130252100840336	0.00617101604278075
OTU000224	0.000166666666666667	-4e-04	-0.00025	-0.000133333333333333	0.0132484126984127
OTU000294	-0.000333333333333333	0	0	-0.000133333333333333	0.00709377990430622
OTU000279	0	0	-5e-04	-0.000133333333333333	0.00361818181818182
OTU000327	-0.000166666666666667	0	-0.00025	-0.000133333333333333	0.00486086956521739
OTU000499	-0.000333333333333333	0	0	-0.000133333333333333	0.00165441176470588
OTU000391	-0.000333333333333333	0.000333333333333333	-0.000166666666666667	-0.000135746606334842	0.0207817524580682
OTU000906	0	0	-0.000666666666666667	-0.000135746606334842	0.00867488328664799
OTU000646	-0.000333333333333333	0	0	-0.000142857142857143	0.00185714285714286
OTU001074	-0.000166666666666667	0	-0.00025	-0.000142857142857143	0.00436363636363636
OTU000239	-0.000107142857142857	0	-0.00045	-0.00014775641025641	0.0166611408199643
OTU000169	-0.000142857142857143	-0.000142857142857143	0	-0.000148351648351648	0.00861177944862155
OTU000090	-0.000166666666666667	0	-0.000333333333333333	-0.000153846153846154	0.00463333333333333
OTU000137	0	-0.00025	-0.000333333333333333	-0.000153846153846154	0.00420833333333333
OTU000479	-2e-04	0	-0.001	-0.000154761904761905	0.0146995027960545
OTU000223	-0.00025	5e-04	-0.000666666666666667	-0.00015952380952381	0.00601818181818182
OTU000195	-0.00025	0	-0.00025	-0.00016025641025641	0.0065105580693816
OTU000510	0	-2e-04	-2e-04	-0.00016025641025641	0.00603846153846154
OTU000332	-0.000333333333333333	0	-0.00025	-0.000166666666666667	0.00362207357859532
OTU000126	-0.000111111111111111	-0.000125	-0.000166666666666667	-0.000171929824561403	0.00439705882352941
OTU000491	-0.000142857142857143	0	-0.000666666666666667	-0.0001875	0.00722323049001815
OTU000471	-0.00025	0	-4e-04	-0.0001875	0.0150516395481913
OTU000016	-0.000342857142857143	0	-0.000142857142857143	-0.000194570135746606	0.0116065789473684
OTU000176	0	0	-5e-04	-2e-04	0.002625
OTU000287	-0.000571428571428571	0.000333333333333333	0	-2e-04	0.00478048433048433
OTU000437	-5e-04	0	-2e-04	-2e-04	0.01192
OTU000263	-0.000333333333333333	-0.000166666666666667	-0.000166666666666667	-0.00020952380952381	0.0151697730374201
OTU000067	-0.000433333333333333	0.000333333333333333	-0.000333333333333333	-0.000214285714285714	0.0195344538046204
OTU000194	-0.000142857142857143	-5e-04	0	-0.000230769230769231	0.00909744245524297
OTU000032	-0.000428571428571429	0	5e-05	-0.000258333333333333	0.0272258892328861
OTU000312	-0.000303571428571429	0	-0.000583333333333333	-0.000264423076923077	0.00666013071895425
OTU000155	-0.000291666666666667	3.33333333333334e-05	-0.00065	-0.000333333333333333	0.0168729659679964
OTU000134	-0.000652380952380952	0	-0.000333333333333333	-0.00034478021978022	0.0207827922077922
OTU000594	-0.000428571428571429	-0.000236111111111111	0	-0.000347619047619048	0.011742735042735
OTU000525	-0.000472222222222222	0.00025	-8e-04	-0.000349673202614379	0.0100617094017094
OTU000141	-0.00025	-0.000222222222222222	-0.00065	-0.0003562435500516	0.0298729611820405
OTU000193	-0.000232142857142857	-0.000375	-0.00075	-0.000407595693779904	0.0198603470603471
